-0.024000000000000	0.142609569857852
-0.023991500000000	0.000086401410452
-0.023983000000000	0.005871357865423
-0.023974500000000	0.010984561195231
-0.023966000000000	-0.035953345862201
-0.023957500000000	-0.086856201232420
-0.023949000000000	-0.047879930270971
-0.023940500000000	-0.042574588672985
-0.023932000000000	-0.107997284671552
-0.023923500000000	-0.049070183388631
-0.023915000000000	-0.056029817320426
-0.023906500000000	-0.062390559862934
-0.023898000000000	0.019693889680941
-0.023889500000000	-0.089386145820242
-0.023881000000000	0.043596133636881
-0.023872500000000	0.137061921427326
-0.023864000000000	0.340452624963773
-0.023855500000000	0.303385044594937
-0.023847000000000	0.171968442242835
-0.023838500000000	0.262891911036239
-0.023830000000000	0.010269355929641
-0.023821500000000	-0.048233876121537
-0.023813000000000	0.010517574716895
-0.023804500000000	-0.028567046450257
-0.023796000000000	-0.038639067003625
-0.023787500000000	-0.019122108925994
-0.023779000000000	0.010279646056788
-0.023770500000000	-0.097879472519906
-0.023762000000000	-0.060842870075442
-0.023753500000000	-0.096015857967914
-0.023745000000000	-0.127761244674191
-0.023736500000000	0.002029428987598
-0.023728000000000	-0.034557682465685
-0.023719500000000	0.001035177700767
-0.023711000000000	-0.077931282817173
-0.023702500000000	-0.018293869681082
-0.023694000000000	-0.153690810254898
-0.023685500000000	-0.102657518885479
-0.023677000000000	-0.052769435760693
-0.023668500000000	-0.065294025087349
-0.023660000000000	-0.051981841654322
-0.023651500000000	-0.065637022234674
-0.023643000000000	-0.012609840673253
-0.023634500000000	0.075591047934338
-0.023626000000000	0.414306323434989
-0.023617500000000	0.284308791811878
-0.023609000000000	0.315702186127337
-0.023600500000000	0.352645983708408
-0.023592000000000	0.215427020105159
-0.023583500000000	0.102593085550936
-0.023575000000000	-0.013975550973941
-0.023566500000000	-0.047342100253512
-0.023558000000000	-0.035167746277996
-0.023549500000000	-0.011686055147099
-0.023541000000000	-0.042789294971511
-0.023532500000000	0.016374861508230
-0.023524000000000	-0.020365993074153
-0.023515500000000	0.008112294414411
-0.023507000000000	-0.031588796914813
-0.023498500000000	-0.024352422576939
-0.023490000000000	-0.009250195413890
-0.023481500000000	0.012423122397530
-0.023473000000000	0.006575434890180
-0.023464500000000	-0.005566297743968
-0.023456000000000	-0.015605205697720
-0.023447500000000	-0.036584353160450
-0.023439000000000	0.005304923568534
-0.023430500000000	-0.003095770529433
-0.023422000000000	-0.007724190452891
-0.023413500000000	-0.033399894414484
-0.023405000000000	-0.027354763362162
-0.023396500000000	-0.004991119473585
-0.023388000000000	-0.055863578658679
-0.023379500000000	-0.023448465927211
-0.023371000000000	-0.075863331177605
-0.023362500000000	-0.063033979429481
-0.023354000000000	-0.052381873595350
-0.023345500000000	-0.077947915513640
-0.023337000000000	-0.088313402690342
-0.023328500000000	-0.104529700634900
-0.023320000000000	-0.181892175045426
-0.023311500000000	-0.077877846043230
-0.023303000000000	-0.042691998538635
-0.023294500000000	-0.036544985218505
-0.023286000000000	0.225474716702362
-0.023277500000000	0.324580680428463
-0.023269000000000	0.375191880849579
-0.023260500000000	0.334109432222862
-0.023252000000000	0.254530741205913
-0.023243500000000	0.223402294008604
-0.023235000000000	0.119043239527577
-0.023226500000000	0.071962938242814
-0.023218000000000	0.033382547940604
-0.023209500000000	-0.009649259105673
-0.023201000000000	0.006189978238043
-0.023192500000000	-0.007744824933846
-0.023184000000000	0.004138546015739
-0.023175500000000	-0.006053926667666
-0.023167000000000	-0.016248050948319
-0.023158500000000	-0.027483980432473
-0.023150000000000	-0.005564894940757
-0.023141500000000	-0.006986045429548
-0.023133000000000	-0.011016167282819
-0.023124500000000	0.009482685476940
-0.023116000000000	0.013697559737242
-0.023107500000000	0.019160445963774
-0.023099000000000	-0.011852300210496
-0.023090500000000	0.020912535002806
-0.023082000000000	-0.000233563587687
-0.023073500000000	-0.015197798442785
-0.023065000000000	-0.008470803467810
-0.023056500000000	-0.010210342629679
-0.023048000000000	-0.002737859990898
-0.023039500000000	0.006331605413102
-0.023031000000000	-0.000498186270478
-0.023022500000000	-0.008155607978795
-0.023014000000000	-0.004104654155796
-0.023005500000000	0.009335546651188
-0.022997000000000	-0.018000470889869
-0.022988500000000	-0.017226868105666
-0.022980000000000	-0.015619851325926
-0.022971500000000	-0.003274005785511
-0.022963000000000	-0.014277633947158
-0.022954500000000	0.000085219175804
-0.022946000000000	-0.034311183391502
-0.022937500000000	0.002303798021778
-0.022929000000000	0.015809621670617
-0.022920500000000	-0.028071796933181
-0.022912000000000	-0.040416241370763
-0.022903500000000	-0.029583710846968
-0.022895000000000	-0.045681426902405
-0.022886500000000	-0.044586711188902
-0.022878000000000	-0.014876935595609
-0.022869500000000	-0.057650878651021
-0.022861000000000	-0.071534455420215
-0.022852500000000	-0.041781256575617
-0.022844000000000	-0.058512842419820
-0.022835500000000	-0.088397009887987
-0.022827000000000	-0.016026565475552
-0.022818500000000	-0.081487129527493
-0.022810000000000	-0.050726948886852
-0.022801500000000	-0.058475367041010
-0.022793000000000	-0.045879818245818
-0.022784500000000	0.002472679378462
-0.022776000000000	-0.098741594398528
-0.022767500000000	0.058097478878425
-0.022759000000000	0.199285116986184
-0.022750500000000	0.233754595982687
-0.022742000000000	0.473102510660193
-0.022733500000000	0.469807234021898
-0.022725000000000	0.276325060221661
-0.022716500000000	0.219909276402163
-0.022708000000000	0.259272306158280
-0.022699500000000	0.043434515089474
-0.022691000000000	-0.041494948055082
-0.022682500000000	0.015834209044505
-0.022674000000000	0.010132088372748
-0.022665500000000	0.010817921655855
-0.022657000000000	-0.023813699118401
-0.022648500000000	-0.013800653493247
-0.022640000000000	-0.003708286367496
-0.022631500000000	0.006130282875121
-0.022623000000000	0.009527895571923
-0.022614500000000	0.005288865423526
-0.022606000000000	0.012575199288044
-0.022597500000000	0.019393474984939
-0.022589000000000	0.039122458092601
-0.022580500000000	-0.005946310563031
-0.022572000000000	0.026356768992566
-0.022563500000000	0.019075718489390
-0.022555000000000	0.002816876939742
-0.022546500000000	0.007135525228716
-0.022538000000000	-0.001219214934231
-0.022529500000000	-0.000946741052940
-0.022521000000000	-0.008314698483359
-0.022512500000000	0.005370064546982
-0.022504000000000	-0.006243136685687
-0.022495500000000	0.015662504099677
-0.022487000000000	-0.006815899370145
-0.022478500000000	0.003055356692930
-0.022470000000000	0.015531274444317
-0.022461500000000	0.007149501633554
-0.022453000000000	0.007464877714019
-0.022444500000000	0.004100859136907
-0.022436000000000	0.011863646677135
-0.022427500000000	0.004709571319253
-0.022419000000000	0.019790976044033
-0.022410500000000	-0.014131442246889
-0.022402000000000	0.028945503888398
-0.022393500000000	-0.013898297591321
-0.022385000000000	-0.023215576070645
-0.022376500000000	0.011043972553141
-0.022368000000000	0.008878217022677
-0.022359500000000	-0.011434492682835
-0.022351000000000	-0.007058932512692
-0.022342500000000	0.024707718134198
-0.022334000000000	-0.001446824612079
-0.022325500000000	0.017608138047250
-0.022317000000000	-0.015416286855291
-0.022308500000000	0.005810901949422
