10736.920000187942
13029.660000237987
13678.170000252143
16030.760000303495
21476.659999496016
33400.209997817394
36883.309998526995
42257.859999621935
43717.799999919363
45143.170000209750
49680.720001134170
56849.340002594610
59573.480003149591
67055.270003568410
67306.870003436605
70730.670001642982
72891.870000510797
84425.169994468859
86238.399993518964
86522.019993370384
92744.329990110709
95069.359988892698
95863.179988476841
101094.689985736215
101302.289985627460
102063.639985228612
105219.769983575214
115270.139978310137
119289.439976204550
120050.429975805891
120133.479975762384
125651.139972871853
126235.889972565521
126752.109972295089
127593.539971854290
145289.479983273079
146493.379984394298
150260.309987902525
151583.339989134693
164963.160001595621
169719.030006024870
171389.200007580337
174961.730010907515
176779.760012600687
177118.120012915810
177888.960013633710
213491.250046790927
213604.900046896772
215636.590048788930
216036.420049161301
216108.010049227974
217165.780050213099
220415.460053239600
224175.360056741280
224546.290057086735
225190.620057686814
226581.110058981809
231169.080063254689
238568.570070146001
244645.250075805350
248945.010079809814
249065.370079921908
256456.960086805862
258113.780088348896
258901.990089082974
263683.490093536093
267741.740097315633
268085.240097635542
282358.520110928570
283279.480111786281
287442.920115663786
288530.730116676888
289541.100117617869
293451.920121260104
297573.870125098969
309416.030136127840
310063.830136731151
311273.410137857660
314847.770141186542
318469.060144559131
325463.860151073546
326285.520151838777
327735.850153189502
335637.030160548049
357543.060180949629
358500.380181841203
358742.730182066909
365775.740188616910
366210.520189021830
366897.110189661267
370611.150193120237
373053.450195394806
377913.740199921303
381371.980203142040
383227.870204870473
387375.650208733394
391898.880212945980
392198.460213224986
398403.980219004326
398872.720219440875
404205.430224407348
407157.370227156556
409051.930228921003
411259.390230976860
413704.530233254074
418966.540238154703
419459.370238613687
426236.890244925744
426881.190245525795
430924.850249291747
437054.570255000493
439463.250257243752
448081.280265269917
448680.360265827854
449176.780266290181
465065.660281087854
470821.380286448286
472627.490288130357
473004.480288481456
490086.740304390551
505343.070318599115
506346.500319533632
512994.010325724608
514976.690327571123
517103.530329551897
520935.260333120474
521241.830333405989
525791.730337643414
529382.470340987551
529500.970341097913
531414.730342880241
531998.510343423928
534057.440345341456
542812.320353495074
550493.840360649046
550712.970360853127
554430.260364315123
565116.580374267534
565330.770374467014
566591.080375640769
573368.830381953041
578313.510386558133
580291.270388400066
580921.470388986985
584894.740392687381
588531.010396073922
595309.200402386603
601962.440408582916
608391.960414570873
609643.080415736069
612185.140418103547
627058.060431955033
633820.270438252832
650340.590453638579
652561.970455707400
652604.810455747298
665561.340467814007
666246.960468452540
668275.190470341477
671499.230473344098
673105.000474839588
689453.000490064849
693016.890493383980
699105.800499054720
708988.690508258878
712232.530511279940
723110.180521410541
726913.710524952854
727219.730525237857
727271.200525285793
728718.960526634124
734097.500531643280
734729.970532232313
739171.480536368792
741962.110538967769
744472.410541305668
750018.280546470662
755037.110551144811
758403.830554280314
759198.900555020780
762031.190557658556
762074.600557698985
763080.900558636175
766876.090562170721
782397.670576626319
783515.480577667360
789849.690583566553
794508.520587905427
795663.680588981253
796657.280589906615
797713.230590890045
805774.540598397725
811614.310603836435
818475.050610225997
823125.540614557103
823706.780615098425
823867.400615248014
828556.810619615368
838680.090629043407
842948.350633018534
843497.310633529793
847617.740637367242
848384.660638081492
853828.110643151100
856766.430645887624
858623.080647616764
868993.220657274709
874679.430662570405
876893.050664631999
877698.820665382431
878439.940666072653
891180.910677938606
891219.910677974927
896420.220682818093
901354.870687413844
920424.970705174259
925188.960709611070
925339.950709751691
928084.560712307808
938672.830722168903
942410.300725649693
954186.790736617404
958897.820741004893
964970.550746660563
966921.320748477359
966976.970748529187
967574.530749085709
969431.070750814746
971250.640752509353
978302.670759077067
992614.860772406333
992925.340772695490
995589.710775176878
1000620.790779862436
1002805.400781897013
1006587.820785419666
1010208.640788791818
1011705.740790186101
1012853.250791254803
1015268.120793503826
1020745.800798605313
1027746.320805125055
1036027.330812837346
1037506.730814215145
1042946.500819281326
1050179.190826017177
1051473.480827222578
1069552.000844059512
1073464.740847703535
1074875.740849017631
1076192.950850244379
1077905.980851839762
1084753.750858217245
1087666.580860930029
1090630.730863690609
1092399.610865338007
1092865.000865771435
1095382.080868115649
1099104.300871582236
1099836.290872263955
1103453.080875632353
1111924.110883521615
1113202.460884712171
1116332.420887627173
1116419.850887708599
1123414.500894222874
1128520.800898978487
1130478.820900802035
1162228.270930371014
1163659.180931703653
1165290.050933222519
1169069.760936742648
1176735.760943882167
1176994.510944123147
1189502.400955772027
1196299.200962102041
1197938.920963629149
1204032.520969304256
1206545.280971644446
1215924.600980379619
1231510.210994894849
1237465.771000441397
1242757.151005369378
1244769.641007243656
1248779.421010978054
1249221.271011389559
1256300.211017982336
1259189.151020672871
1260251.031021661824
1262917.211024144897
1264450.681025573052
1269168.621029966976
1269855.491030606674
1284695.401044427417
1285467.021045146044
1295687.721054664813
1297911.831056736177
1301521.151060097618
1302904.451061385917
1308706.151066789171
1314636.721072312444
1315093.291072737658
1316274.881073838100
1316404.591073958902
1317514.941074992996
1319735.331077060895
1320363.751077646157
1321898.111079075141
1322519.661079654004
1331982.251088466728
1343691.751099372050
1344133.811099783750
1344781.741100387182
1349960.861105210613
1350332.881105557084
1358281.771112960065
1360020.171114579076
1362267.521116672084
1370017.961123890243
1372267.931125985691
1382802.141135796439
1383071.841136047617
1383967.361136881635
1387345.461140027735
1396551.261148601305
1407668.471158955013
1411754.111162760062
1415091.601165868342
1415501.891166250454
1423639.291173828999
1429055.681178873405
1432902.551182456082
1433050.561182593927
1435080.821184484754
1437090.181186356116
1438225.201187413186
1440244.281189293601
1443357.331192192854
1453639.401201768778
1462201.151209742529
1464377.341211769264
1468862.711215946591
1469220.791216280079
1488991.441234692931
1490798.681236376055
1491801.161237309687
1491894.541237396654
1497990.961243074387
1506429.561250933446
1506481.801250982098
1506809.661251287442
1511029.651255217614
1515753.321259616874
1535207.811277735280
1538190.181280512828
1541835.981283908244
1549633.141291169915
1552679.541294007096
1556180.581297267694
1556597.461297655944
1559294.831300168065
1573760.321313640103
1574674.961314491928
1578786.491318321088
1588088.481326984242
1588801.231327648042
1601778.291339733871
1606662.591344282730
1611386.031348681776
1612518.011349736014
1621126.231357753044
1625287.331361628370
1625704.951362017309
1635429.751371074235
1638918.941374323796
1643530.871378618991
1647888.891382677713
1653229.761387651786
1668879.881402227096
1677302.931410071673
1679817.941412413958
1684964.371417206945
1690191.741422075313
1692405.251424136804
1694027.881425647996
1705721.011436538072
1706148.951436936622
1709226.111439802451
1715313.721445471980
1716487.491446565138
1717301.791447323514
1717591.051447592909
1717948.641447925940
1722845.931452486897
1723981.161453544162
1736103.111464833608
1741638.211469988571
1752767.771480353782
1753481.471481018467
1756121.201483476907
1758017.101485242601
1763013.571489895927
1764246.711491044378
1769341.941495789681
1769681.481496105902
1771252.311497568851
1772135.311498391209
1772583.181498808321
1775102.051501154201
1777248.301503153052
1780493.841506175697
1788367.601513508707
1791903.131516801426
1793134.671517948387
1796276.021520873997
1799373.091523758369
1800530.731524836505
1804103.661528164055
1807341.991531179985
1813725.721537125297
1814821.931538146222
1823043.211545802886
1825521.471548110945
1827694.841550135054
1827716.511550155235
1829128.801551470533
1834028.371556033613
1840143.301561728586
1842576.301563994493
1856264.241576742381
1860624.941580803599
1862968.241582985967
1870778.751590260072
1872037.491591432365
1875486.561594644561
1888797.681607041508
1891619.401609669439
1895608.841613384895
1896026.591613773955
1904527.531621691072
1915827.181632214691
1920579.521636640653
1923677.631639525993
1929098.751644574804
1936939.641651877202
1940005.841654732823
1942172.321656750515
1947108.891661348054
1947681.871661881683
1954873.201668579131
1955897.001669532619
1966410.631679324200
1968344.141681124922
1975413.721687708981
1981147.951693049399
1981585.321693456732
1989692.931701007532
1997909.591708659893
2000119.131710717687
2001229.341711751651
2003657.531714013079
2004598.881714889780
2005281.041715525091
2014461.831724075368
2020183.711729404284
2034856.021743068937
2037309.611745354021
2038700.591746649472
2047917.411755233305
2052273.451759290183
2058522.231765109813
2062266.731768597150
2062720.741769019980
2066065.131772134686
2066600.451772633241
2070635.151776390849
2081949.971786928596
2090280.191794686718
2104578.731635086238
2105061.011624306440
2108351.441550759599
2113081.261445039883
2121869.901248598471
2123784.961205793545
2127899.931113816798
2150102.600617548451
2153366.860544586554
2153885.340532997623
2156136.090482689440
2157654.420448752120
2160381.450387798250
2167758.310222912580
2169001.420195126906
2169540.430183079094
2174492.960072381422
2176510.410027287900
2177720.640000237152
2183757.209865309298
2187776.929775461555
2189801.609730206430
2190846.949706841260
2193211.829653982073
2194812.149618212134
2195721.999597875401
2200329.599494887516
2209238.599295755848
2212510.489222623408
2213489.059200750664
2223452.848978042603
2227738.638882247731
2230043.858830722049
2230673.568816646934
2232495.738775918260
2244540.048506706953
2246458.828463818878
2251238.748356979340
2265008.408049203455
2268911.197961969301
2273999.427848238498
2286426.357570474967
2286921.687559403479
2289865.007493615150
2291577.137455346063
2295823.807360425591
2297521.827322471887
2298074.167310126126
2310188.227039355785
2331050.106573056430
2332536.636539829895
2333406.176520394161
2348817.656175920740
2350423.096140036359
2350826.796131012961
2353809.796064337716
2363414.455849656835
2366789.905774209648
2376726.905552100390
2380724.225462753326
2381628.365442544222
2385406.795358089730
2388135.845297090709
2389281.225271489471
2397439.635089134797
2403421.484955430031
2403655.834950191900
2406294.154891220853
2413826.774722853675
2418980.574607657269
2419410.464598048478
2419719.284591145813
2436299.244220554829
2437705.394189124927
2444932.744027581066
2450694.743898790330
2451494.603880912066
2460431.543681155890
2463255.873618027195
2464199.043596945703
2474201.983373362571
2474971.673356158659
2483028.153176082298
2494168.212927082554
2494476.192920198664
2498536.672829439864
2506683.792647337541
2514279.092477569357
2516492.302428100258
2520760.582332696766
2521043.482326373458
2533664.342044275254
2534024.062036234885
2538071.571945765987
2538465.421936962754
2539883.051905276254
2544073.361811615527
2547742.081729613245
2551514.561645291746
2558046.621499288827
2559144.971474738792
2561284.831426909193
2571683.141194488853
2574646.401128254831
2578762.001036264002
2579688.751015549526
2588333.080822333694
2588584.060816723853
2592960.560718901455
2594616.630681885406
2594769.840678460896
2595862.020654048771
2623687.660032097250
2632001.539846267551
2636895.859736870974
2637903.199714355171
2638159.519708625972
2642145.649619529024
2642426.449613252655
2650594.329430686310
2652621.679385371506
2661071.369196506217
2665582.689095670357
2669454.529009127989
2674806.948889492080
2675461.988874850795
2686737.728622818366
2691949.508506326005
2699999.768326388672
2704343.328229302540
2706911.448171900585
2721382.487848447636
2725673.817752528936
2735889.007524201646
2737860.027480145916
2738784.447459483519
2738948.567455815151
2753396.907132869586
2764829.026877341792
2769102.306781826541
2775261.956644147635
2775380.596641495824
2777250.986599689350
2779312.496553611010
2791994.226270152256
2806101.585954828188
2809679.465874856338
2810266.855861727148
2819266.075660578907
2826765.825492946431
2829627.325428986922
2834268.885325239971
2838120.895239140838
2854524.894872482866
2857612.324803473428
2863318.804675923660
2865324.604631090537
2866404.604606950656
2869372.394540615380
2873113.684456991032
2884446.144203690812
2893741.013995934278
2895313.293960791081
2901284.283827329054
2901345.163825968280
2902479.093800622970
2902611.513797663152
2909784.143637342378
2913190.853561196476
2913992.073543287814
2915650.693506214768
2916555.923485981300
2926939.023253900930
2929908.033187538385
2931017.453162740916
2932066.073139302433
2936686.503036027774
2937434.343019312248
2939138.032981231809
2944596.642859222367
2948146.512779876590
2957790.502564316615
2961799.002474719658
2965661.772388380021
2965710.182387297973
2966291.012374315411
2967344.112350776792
2980949.742046667263
2981001.942045500502
2981542.592033416033
2982269.852017160505
2982603.302009707317
3004034.521530682221
3021519.191139869392
3025092.031060010195
3026966.341018116102
3031015.630927607417
3034150.120857546106
3034297.110854260623
3039004.770749036223
3041323.120697217062
3042438.500672286376
3048522.320536302403
3055832.420372908935
3059437.440292330459
3060293.840273188427
3062496.340223958716
3064310.950183399022
3072340.420003926381
3086966.749677002430
3094477.909509114921
3096040.229474194348
3097081.989450909197
3097288.519446292892
3097950.679431492463
3098926.569409679621
3103638.719304354861
3109669.919169547036
3112625.149103492498
3113751.749078311026
3119691.738945541903
3122799.028876088560
3129821.408719126135
3148795.738295016810
3152307.238216528669
3156489.768123041838
3163092.997975448146
3166424.527900982648
3166740.547893919051
3170083.777819192037
3171494.587787657976
3177827.357646109536
3178692.807626765221
3180756.847580630332
3181775.137557869777
3185579.687472831458
3185679.347470603883
3190488.667363107204
3192793.487311590463
3196231.767234738916
3196492.007228922099
3201418.697118801996
3202200.637101324275
3202600.687092382461
3205769.387021556497
3208585.856958603486
3209019.456948911771
3210049.016925899312
3211478.456893948838
3213914.296839503571
3216133.496789900586
3219691.326710376889
3221259.796675318852
3224059.016612751409
3237396.726314630359
3239069.086277250201
3245603.326131198555
3246792.196104625240
3253483.975955052301
3255960.465899698436
3260852.285790357739
3264353.475712100044
3265169.145693868399
3265204.005693089217
3265972.415675913915
3270153.305582463741
3270174.645581986755
3280844.475343497470
3281315.555332968011
3283408.145286194980
3283558.945282824337
3286315.565221209079
3286708.345212429762
3307493.364747848362
3315459.724569786340
3329912.824246734381
3336955.174089325592
3350453.503787614405
3353715.553714701906
3354541.933696230873
3354913.653687922284
3356067.013662142679
3357253.123635631055
3359382.193588042632
3359560.323584061116
3362081.823527701199
3366093.653438029811
3370118.233348073438
3392696.112843418494
3395961.052770441398
3400533.182668246329
3409235.842473726720
3410620.052442787215
3411172.712430434301
3412081.772410115227
3412366.722403746098
3414087.662365280092
3417559.102287687361
3424144.732140487060
3426094.232096912339
3434103.881917882711
3445094.271672228351
3448867.701587885618
3458290.111377278343
3472459.861060559750
3472612.221057154238
3478560.450924200937
3479651.250899819657
3479767.630897218361
3486751.320741120726
3493499.750590281561
3496344.320526700467
3507033.030287789181
3519354.170012390241
3522715.959937248379
3523924.309910239652
3532067.299728229642
3532646.949715273455
3551629.019290991127
3564576.039001602679
3566052.938968591392
3566495.098958708346
3566715.348953785375
3572457.918825428933
3574892.638771008700
3576303.198739480227
3585913.998524662107
3589316.068448619917
3592754.118371773511
3596580.208286253735
3597769.038259681314
3600681.598194580525
3618288.427801037207
3619113.917782586068
3634228.497444748878
3635886.237407695502
3643423.067239234224
3647985.747137250379
3653918.277004648000
3662886.946804182604
3667365.976704068482
3669666.016652658582
3669974.316645767540
3670408.726636057720
3670879.206625541672
3671412.006613632664
3671835.726604161784
3673115.526575556025
3678234.436461139470
3678296.276459757239
3686748.366270838305
3715296.045632747933
3720678.605512438342
3722100.635480653495
3725451.905405746773
3725508.145404489711
3727783.805353624746
3732071.125257795677
3738777.955107886344
3741758.495041266084
3743876.934993915260
3744296.074984546751
3748419.094892390072
3756768.344705769792
3757364.684692440554
3758970.784656541422
3759962.644634371623
3761369.614602923393
3763372.834558147937
3763419.214557111263
3766635.544485220686
3766866.474480058998
3777473.354242976755
3778556.284218771383
3782828.174123287201
3783228.084114348516
3783973.794097680598
3790367.093954779208
3793307.073889065534
3800610.673725817353
3810794.633498188108
3815674.743389109150
3815811.953386042267
3816060.813380479813
3825459.253170408309
3825822.323162293062
3825950.433159429580
3829965.453069686890
3836976.052912987769
3844717.092739962041
3853639.142540538684
3865517.962275026366
3867076.242240196094
3868139.692216426134
3884763.431844856590
3886832.881798600778
3895631.031601946801
3896192.841589389369
3908138.561322381720
3909050.211302004755
3911656.471243750304
3913094.871211599559
3913984.501191714779
3916633.591132503003
3919540.091067537665
3923555.090977795422
3927071.880899189040
3930288.040827302262
3930963.080812213942
3940435.010600499809
3942767.210548371077
3956245.390247110277
3960315.710156131536
3963015.150095794350
3968628.979970315471
3969978.759940145537
3984862.639607464895
3998417.799304483458
4000107.299266720191
4004950.309158470482
4008674.699075223878
4009003.309067878872
4010420.419036203995
4011774.289005942643
4013532.258966648951
4014256.808950453997
4026311.238681016490
4029584.968607842922
4033572.378518717363
4033959.478510065004
4040926.348354343325
4043871.018288524821
4060437.597918232903
4061683.627890381962
4064241.927833199501
4065840.377797471359
4078877.857506060973
4097101.577098729089
4098675.217063555494
4100489.747022997588
4109512.926821313798
4110769.746793221682
4111580.986775089055
4120515.096575396135
4121194.516560209915
4128203.956403536722
4135194.666247282177
4135697.086236052215
4153127.225846458226
4155997.045782312751
4157006.015759760514
4158870.585718084127
4161792.675652770326
4171838.775428222492
4173626.595388261601
4179506.845256827772
4184817.375138128176
4187225.485084302723
4187334.085081875324
4187362.885081231594
4188611.345053326339
4197649.254851313308
4199474.664810512215
4206965.604643076658
4208163.114616310224
4218391.754387682304
4223540.744272593409
4226953.224196318537
4228893.264152955264
4229542.164138451219
4231793.704088125378
4233104.954058816656
4251933.643637962639
4258543.353490224108
4259129.923477113247
4259636.053465800360
4260436.623447906226
4268204.443274281919
4269469.583246003836
4273395.243158258498
4275756.723105475307
4280426.313001101837
4280925.862989936024
4292265.922736465931
4301019.802540801466
4306095.962427340448
4308831.392366198823
4314574.422237832099
4317190.242179363966
4318495.282150194049
4319390.482130184770
4319672.532123880461
4322865.732052506879
4323206.582044888288
4333349.531818175688
4335379.751772796735
4337741.451720008627
4338413.651704983786
4344897.591560056433
4348116.271488113329
4358451.441257104278
4364948.821111876518
4366731.161072038114
4367691.331050576642
4376076.590863151476
4378431.760810509324
4378700.610804500058
4383136.670705346391
4383665.880693517625
4388805.260578643531
4399051.890349613503
4400755.850311527029
4409133.930124262348
4413719.310021771118
4413773.960020549595
4422573.309823868796
4430564.209645258263
4434259.649562658742
4437681.819486167282
4439295.919450089335
4441162.849408360198
4441684.329396704212
4448579.259242590517
4454053.199120238423
4465487.848864654079
4467263.868824956939
4470737.298747319728
4475439.808642210439
4477300.118600629270
4486030.828405482695
4488950.388340225443
4489499.428327953443
4490184.328312644735
4497781.388142837211
4505929.737960707396
4507031.007936092094
4510977.757847875357
4514921.657759722322
4516426.037726096809
4516611.107721960172
4516862.607716338709
4517677.977698113769
4518034.867690136656
4521056.817622590810
4523010.497578922659
4528866.987448019907
4537099.817264001817
4539629.387207461521
4546651.537050504237
4548847.937001410872
4549239.046992668882
4551409.666944151744
4555846.076844990253
4559822.666756106541
4560677.326737003401
4572114.296481367201
4573714.896445591003
4578834.256331164390
4580241.966299699619
4587706.116132862866
4591098.606057034805
4603050.815789882094
4603208.585786355659
4613411.885558294132
4614113.145542619750
4616618.185486627743
4619210.885428676382
4620436.375401284546
4624628.575307581574
4631240.815159786493
4635220.915070824325
4639732.234969988465
4639966.694964747876
4642332.174911875278
4646670.504814906046
4650806.874722450972
4652939.944674773142
4660216.184512136504
4667778.944343095645
4669225.894310753793
4669354.554307878017
4676297.584152689204
4677811.244118856266
4682099.854022998363
4689727.893852498382
4690802.153828486800
4691262.273818202317
4695889.403714777902
4698739.773651067168
4709108.623419305310
4711064.213375594467
4712704.063338940963
4717471.273232385516
4722011.033130913973
4725674.113049037755
4726893.783021776006
4727350.423011569306
4730034.942951565608
4742868.242664719000
4742943.512663036585
4747478.382561674342
4751876.172463376075
4757363.922340715304
4770732.222041910514
4774683.621953589842
4778165.391875766218
4781972.841790663078
4783535.631755732000
4785364.531714852899
4788943.141634864733
4802857.981323843822
4805479.191265255213
4805843.991257101297
4806672.811238575727
4811946.911120690405
4836679.350567877293
4837444.270550779998
4838836.460519662127
4840969.450471986085
4841080.230469509959
4847990.270315058529
4848806.260296819732
4849958.810271058232
4851251.460242165253
4855168.110154621303
4855482.510147593915
4855713.860142422840
4866106.699910124764
4885193.139483509585
4891294.219347139820
4892707.109315559268
4894009.579286446795
4895884.169244546443
4897008.509219415486
4899093.339172815904
4900861.399133296683
4908999.498951395974
4909108.608948957175
4920143.768702302128
4923145.838635200635
4923779.118621045724
4926427.058561859652
4926672.578556371853
4930161.228478394449
4941163.378232477233
4942267.618207795545
4942468.178203312680
4943047.938190354034
4945809.878128619865
4947938.978081030771
4953486.587957032025
4955132.567920241505
4956679.447885666043
4957610.397864857689
4963956.527723010629
4972974.487521443516
4979420.467377364635
4981100.717339808121
4981617.177328264341
4986405.597221234813
4987937.657186990604
4994939.397030489519
4998734.336945666000
5004574.076815137640
5005754.476788753644
5008231.286733392626
5009524.846704479307
5017449.026527360082
5027775.686296541244
5032557.196189666167
5034614.386143684387
5034948.426136218011
5035002.366135012358
5038641.896053662524
5042029.035977954045
5056475.585655048490
5056530.105653829873
5064602.085473407060
5066705.785426385701
5066785.535424603149
5069738.955358589068
5070561.095340212807
5074838.925244595855
5077339.975188693032
5083075.845060486346
5084653.005025234073
5087338.824965201318
5090412.774896493182
5090466.024895302951
5098317.344719812274
5102874.234617957845
5109747.864464320242
5110673.534443629906
5111886.084416527301
5123326.734160808846
5124251.724140133709
5125376.404114995152
5141476.143755137920
5146453.533643884584
5147946.583610512316
5151644.753527851775
5152272.393513822928
5161165.053315056488
5162182.553292313591
5181486.092860845849
5183563.982814401388
5190846.422651626170
5191655.512633541599
5192104.712623501197
5194161.472577529028
5205254.812329573557
5205352.822327382863
5208027.942267589271
5212070.992177220061
5212421.682169381529
5218085.442042786628
5219626.602008339018
5225551.421875908971
5233691.081693973392
5236700.151626715437
5238408.451588531956
5240476.211542313918
5242171.251504426822
5249209.211347116157
5260669.631090955809
5266614.530958076939
5272329.990830326453
5278762.380686551332
5283171.330588003621
5283655.990577170625
5286919.840504217893
5287974.140480652452
5293224.420363299549
5293900.230348194018
5294979.200324077159
5301299.040182817727
5305733.720083694905
5308636.610018810257
5315643.029862204567
5319323.249779945239
5330416.499531991780
5331639.849504647776
5337512.409373385832
5338145.719359230250
5338733.379346095026
5357493.758926767856
5357842.868918964639
5361950.268827157095
5362445.658816084266
5362598.768812661991
5368293.378685377538
5368410.168682767078
5377887.818470925093
5378675.168453326449
5382015.598378662020
5383852.328337607905
5384324.958327043802
5387179.428263241425
5387392.448258480057
5395308.648081539199
5396640.878051761538
5398595.268008077517
5399561.877986472100
5403674.977894537151
5405497.597853798419
5405592.057851687074
5425443.487407973036
5431765.567266663536
5434724.567200524732
5437872.167130170390
5439566.347092302516
5445832.656952239573
5447640.826911823824
5458736.466663816944
5468181.636452700943
5473838.646326256916
5476214.016273163259
5476564.796265322715
5477749.086238851771
5482910.706123480573
5489077.625985639170
5492626.795906309038
5495042.895852304995
5498637.895771950483
5499638.125749593601
5502414.185687543824
5504847.785633148625
5505836.255611054599
5515011.055405981839
5518244.445333709940
5522841.695230953395
5533928.824983136728
5534835.254962876439
5541304.574818275869
5547532.824679063633
5552018.364578804001
5555197.174507752061
5555783.524494646117
5557744.754450809211
5559693.654407247901
5561867.454358659685
5565653.064274044707
5576122.904040025547
5587311.523789940402
5591463.633697133511
5593162.093659169972
5594504.563629163429
5596167.673591990024
5597326.403566090390
5601935.303463073447
5602882.033441912383
5604174.203413030133
5604342.243409274146
5611561.303247915581
5613463.893205389380
5615138.403167961165
5626661.682910395786
5626957.032903794199
5628630.882866380736
5636741.662685090676
5637208.102674664930
5649893.142391132191
5651464.722356004640
5653784.202304160222
5660795.282147450373
5660915.432144764811
5682714.881657509133
5686948.251562885940
5691850.671453308314
5700009.061270954087
5710347.091039881110
5713036.620979765430
5725029.920711694285
5725660.530697599053
5728052.270644139498
5729593.570609688759
5731652.660563664511
5732265.910549957305
5733027.270532939583
5735011.630488585681
5735396.060479993001
5738491.520410804078
5742597.080319037661
5746700.030227329582
5746952.100221695378
5753237.460081206635
5756084.350017573684
5759848.429933439940
5759955.419931048527
5770933.339685672894
5773726.129623249173
5774065.149615671486
5777316.129543006420
5779756.209488466382
5789493.099270829931
5792420.849205389619
5797169.929099239409
5798163.089077040553
5801345.139005916193
5809735.888818368316
5815563.928688101470
5826275.388448681682
5826711.248438939452
5834559.588263515383
5836908.488211013377
5837413.728199720383
5845475.648019522429
5848586.737949984148
5849629.927926667035
5859776.057699883357
5865841.587564308196
5866058.017559470609
5870889.297451483086
5872805.707408647984
5882293.777196573094
5885064.147134650499
5894133.096931943670
5894379.226926442236
5894446.916924929246
5896590.076877025887
5900279.406794562936
5904456.066701207310
5905013.006688758731
5907472.436633786187
5913213.256505468860
5927743.506180692464
5940626.315892739221
5947677.605735130608
5953398.785607252270
5957128.405523888767
5960405.675450636074
5961902.695417175069
5963022.695392141119
5968367.055272685364
5969724.935242334381
5970900.655216054991
5981747.494973609224
5988297.714827200398
5991271.134760739282
5993449.384712051600
5993922.784701470286
5996219.294650139287
6001565.004530653358
6012745.314280753955
6015706.054214576259
6024670.764014199376
6030810.653876962140
6032426.273840850219
6034029.633805012330
6034543.603793524206
6037064.953737167642
6037431.313728978857
6039344.473686216399
6043566.683591842651
6053528.973369168118
6059593.453233616427
6074958.092890189961
6079580.522786870599
6080668.852762544528
6081062.472753746435
6081652.182740565389
6088591.302585463971
6088953.292577372864
6092144.212506050244
6093492.152475921437
6096308.752412965521
6096946.362398713827
6098302.212368408218
6098833.712356528267
6100296.322323836386
6102588.682272598147
6107503.672162739560
6116712.671956902370
6119359.011897752061
6122096.391836566851
6123368.321808137000
6123604.091802867129
6126041.191748393700
6131708.171621726826
6135614.011534424499
6145091.251322591677
6145961.721303135157
6154386.631114823744
6160611.820975679904
6163757.360905371606
6174056.280675172806
6175068.400652550161
6177446.100599404424
6184880.460433233529
6186417.570398876444
6196531.850172804669
6199094.950115514919
6199420.880108229816
6201514.120061442256
6222189.869599303231
6222325.479596272111
6223356.279573231936
6227250.559486187994
6231309.599395461380
6234415.129326047376
6247395.569035911933
6253609.048897029832
6254052.048887128010
6255859.598846726120
6256859.768824370578
6257456.258811037987
6258560.388786358759
6262991.708687311038
6270631.108516557142
6275699.498403269798
6276895.998376525939
6278679.428336663172
6281942.058263737708
6295113.577969331294
6296064.497948076576
6304980.047748798504
6307740.497687097639
6310704.457620847970
6311585.227601161227
6313441.507559670135
6323113.357343487442
6327705.527240844443
6335174.027073910460
6335574.627064956352
6339803.966970423236
6360915.666498539969
6361378.396488197148
6362424.406464817002
6363788.606434324756
6366645.046370478347
6372267.186244813725
6375536.476171739399
6380147.106068683788
6383767.905987752602
6384812.335964407772
6386496.795926757157
6391810.195807993412
6392130.235800839961
6399270.865641234443
6402339.545572644100
6406757.465473895893
6406896.795470781624
6410043.535400446504
6412800.655338820070
6413899.135314267129
6418253.835216931999
6421320.595148384571
6428062.224997697398
6428898.984978994355
6439362.744745111093
6442698.934670541435
6446402.234587766230
6454416.734408628196
6461470.544250963256
6463584.624203709885
6464821.744176058099
6465603.264158589765
6468326.064097730443
6473790.603975588456
6478600.963868068531
6480381.303828274831
6481838.993795692921
6484101.523745121434
6484309.793740466237
6484659.783732643351
6485860.583705803379
6486225.943697636947
6486286.963696273044
6497666.733441915363
6497829.193438284099
6503494.973311644047
6507787.913215689361
6508497.393199831247
6512310.923114592209
6512636.633107312024
6514912.873056434095
6516743.903015507385
6519717.092949051410
6526278.822802385315
6534652.632615216076
6539913.942497616634
6542945.502429855987
6548151.042313503101
6551604.782236305997
6552386.662218829617
6561001.132026281208
6564318.431952133775
6569150.811844121665
6571401.661793811247
6572710.571764554828
6573199.941753616557
6576984.031669035554
6579667.191609062254
6588573.441409992054
6593781.051293592900
6599136.351173892617
6603934.821066638455
6624379.110609672964
6627094.850548971444
6632850.430420324206
6644731.380154764280
6651885.249994862825
6652518.009980719537
6654190.259943341836
6654985.439925568178
6655831.209906663746
6661882.279771411791
6667157.409653503448
6670348.329582180828
6674277.549494355917
6686868.909212917089
6690655.329128284007
6690777.319125557318
6694298.009046863765
6694751.659036723897
6697959.358965026215
6698036.068963311613
6701788.308879442513
6701862.318877788261
6713258.838623056188
6714955.328585136682
6726177.788334295154
6728371.568285260350
6729055.148269981146
6729984.028249219060
6732256.408198427409
6733902.968161623925
6734820.378141118214
6749874.047804642469
6750161.587798215449
6761464.677545571700
6764673.587473846972
6770751.337337998673
6772142.447306904942
6776126.547217853367
6784646.277027422562
6788717.786936417222
6790031.696907049045
6791721.816869271919
6803169.516613395885
6810737.406444240361
6815390.276340240613
6817471.166293729097
6825049.646124336869
6825679.306110262871
6826227.936098000035
6830019.556013250723
6835487.955891022459
6846548.545643799007
6847422.935624254867
6848729.255595056340
6849228.025583907962
6862800.635280536488
6864371.975245414302
6864876.985234126449
6865181.245227325708
6865840.895212581381
6866182.095204954967
6867962.645165156573
6869460.435131678358
6869707.055126165971
6871266.005091320723
6872187.625070720911
6882887.874831551686
6883331.954821625724
6890907.584652297199
6901469.294416224584
6905651.174322752282
6906008.714314760640
6906100.114312717691
6906888.834295088425
6909804.224229924381
6910124.514222765341
6922296.733950695023
6925829.503871731460
6928646.253808772191
6929754.073784010485
6935558.253654276952
6937302.213615296409
6938692.923584211618
6940198.153550567105
6940815.343536771834
6944933.213444730267
6949284.083347480744
6953283.633258083835
6961447.863075599074
6964500.313007371500
6965106.852993814275
6974820.732776692137
6979663.952668437734
6985582.772536141798
6988400.572473159060
6991510.982403635979
6999753.612219398841
7002837.992150457576
7003159.642143268138
7014019.031900541857
7015187.611874422058
7016992.211834086105
7018164.241807889193
7027036.011609589681
7034754.761437062174
7038937.721343565732
7043056.941251493990
7051565.791061306372
7055135.560981515795
7055570.790971787646
7057468.800929363817
7060822.280854407698
7063072.220804117620
7064445.690773418173
7066147.590735377744
7071166.790623189881
7071805.200608920306
7082290.910374546424
7082507.400369707495
7087523.860257580876
7098931.250002605841
7110156.609751699492
7112575.399697635323
7119487.529543137178
7120408.609522549435
7120520.399520050734
7135431.019186772406
7141730.179045975208
7142246.959034424275
7148796.848888022825
7149303.528876697645
7152413.678807180375
7153268.668788069859
7159694.398644443601
7166869.398484069854
7173246.408341532573
7175806.488284310326
7180519.528178965673
7182481.688135107979
7184512.528089715168
7188634.477997582406
7189608.267975816503
7196561.377820402384
7203218.337671607733
7204867.047634756193
7205340.997624162585
7211152.327494269237
7220210.607291800901
7220709.697280645370
7223764.297212369740
7224655.757192444056
7225209.007180077955
7227588.057126902044
7230400.727064033970
7236212.436934132129
7241019.066826695576
7241986.826805064455
7242699.706789130345
7243192.946778105572
7243537.856770396233
7245209.836733024567
7249673.216633260250
7249999.936625957489
7260536.016390457749
7261556.186367655173
7264375.946304628626
7268382.876215066761
7272891.356114294380
7289048.805753147230
7290524.695720158517
7294521.695630818605
7295222.275615159422
7296639.245583487675
7296853.905578689650
7299304.125523922965
7300193.605504041538
7303346.605433566496
7304811.455400824547
7305360.985388541594
7308123.125326802954
7309775.015289880335
7314463.505185084417
7324282.424965614453
7329093.624858075753
7337060.654679998755
7338529.324647171423
7354553.564289001748
7354924.864280702546
7355102.844276724383
7362259.114116769284
7364920.964057272300
7367245.784005308524
7374386.973845690489
7375343.223824316636
7378224.793759908527
7380923.023699598387
7384138.853627718985
7407841.243097929284
7410798.113031838089
7413163.112978976220
7415005.472937796265
7418441.642860991880
7419634.932834319770
7422567.742768766358
7431850.192561287433
7432361.692549854517
7433722.022519448772
7440625.102365152910
7443341.222304442897
7443635.862297857180
7445733.752250965685
7448829.092181779444
7449164.552174281329
7449228.392172854394
7449389.002169264480
7465853.301801258698
7468760.791736271232
7476375.251566074789
7491114.261236632243
7501437.151005897671
7508295.020852612332
7510953.370793193579
7511300.070785444230
7513407.210738345981
7521268.210562638938
7526263.390450987965
7528315.040405130014
7547390.479978760704
7548623.889951191843
7553288.499846929684
7555651.199794119224
7557225.809758923948
7558752.489724799991
7559035.529718473554
7559304.059712471440
7562102.769649915397
7565070.399583583698
7565216.449580319226
7570301.119466667995
7571280.229444783181
7571569.109438326210
7572436.839418930933
7577436.709307175130
7578420.759285179898
7580342.089242234826
7589579.489035762846
7589986.269026670605
7592372.478973334655
7594414.508927691728
7603116.338733190671
7608019.068623606116
7610602.148565869778
7614973.198468169197
7615496.858456464484
7617099.978420631960
7620710.148339938372
7629596.348141316324
7631101.368107676506
7634364.468034740537
7635007.688020363450
7638481.557942716405
7646506.197763351724
7650287.407678835094
7653866.317598840222
7670582.927225194871
7673492.917160151526
7676352.537096234038
7677932.527060918510
7678545.877047209069
7678642.887045040727
7689825.976795079187
7690394.186782378703
7692924.876725813374
7697452.616624610499
7703071.266499023885
7706754.106416705996
7710743.806327529252
7710772.646326884627
7711903.926301598549
7712629.336285384372
7727677.765949025750
7739240.625690575689
7742266.555622940883
7746474.185528893024
7751880.935408042744
7756313.455308968201
7761341.175196589902
7770816.234984805807
7772820.234940012917
7782462.404724493623
7784253.434684460983
7785521.724656112492
7790570.224543269724
7791990.564511522651
7795044.144443269819
7795713.474428309128
7796228.744416791946
7798746.294360520318
7801638.934295864776
7804110.694240616634
7819778.783890407532
7827098.833726791665
7838766.053466008976
7839517.713449208066
7843580.383358400315
7845992.933304475620
7851796.813174748793
7852229.943165067583
7853090.013145843521
7861592.612955795601
7861917.702948529273
7892034.622275363654
7921968.081606298685
7928447.311461476609
7935327.481307692826
7940176.341199312359
7941287.281174480915
7943756.711119284853
7945753.121074661613
7947417.761037454009
7947760.221029799432
7948013.641024135053
7948911.431004067883
7950412.330970520154
7950947.030958568677
7956781.460828159004
7962847.380692575127
7963570.770676406100
7976500.490387404338
7986325.260167803615
7987931.590131899342
7991159.700059745461
7994387.289987603202
7996617.039937764406
8002260.159811630845
8010837.109619921073
8012844.559575051069
8020163.259411465377
8024866.969306329265
8025391.119294613600
8029403.259204935282
8031596.609155910090
8031991.669147079811
8039501.898979213089
8040760.558951079845
8044751.678861871362
8045651.848841750994
8052556.888687411323
8055337.568625258282
8059788.328525776044
8060613.988507321104
8062926.108455641195
8067047.838363513350
8079439.988086527213
8079678.028081206605
8080114.388071453199
8080765.968056889251
8083753.107990121469
8086264.297933991998
8087340.777909930795
8087701.567901866511
8090141.527847329155
8093316.267776368186
8093872.227763941512
8094475.407750459388
8095637.897724475712
8096789.327698739246
8102773.677564978600
8103567.007547246292
8104149.927534217015
8114919.467293499038
8117825.017228554934
8121023.297157067806
8124930.147069742903
8131864.456914748996
8134856.666847867891
8135393.746835863218
8138323.396770380437
8148559.646541582420
8150429.416499789804
8156596.016361955553
8162911.706220788881
8168392.146098291501
8172345.076009936631
8174241.095967557281
8175590.415937397629
8176118.395925596356
8176704.685912491754
8182629.925780052319
8183151.685768390074
8187353.255674477667
8192299.795563913882
8199450.205404089764
8200506.255380485207
8205894.685260044411
8208003.325212912634
8209039.025189762935
8214699.055063251406
8237005.884564654902
8238227.734537344426
8243645.194416254759
8245379.914377480745
8248118.294316273183
8258802.994077451527
8262337.923998439685
8289575.823389625177
8297559.943211166188
8303406.263080490753
8306730.893006179482
8307125.082997368649
8307550.982987849042
8308924.752957142889
8311402.922901751474
8312640.972874078900
8317417.132767323405
8321577.372674334794
8322569.042652169243
8325376.932589408010
8329828.542489906773
8338569.022294541821
8341270.832234151661
8342583.962204800919
8342968.162196213380
8343151.482192115858
8349273.092055287212
8354452.031939528883
8354693.681934127584
8355012.531927000731
8361021.361792692915
8366329.811674039811
8369106.321611979976
8369707.001598553732
8373988.981502844021
8383265.141295505688
8383713.891285475343
8384797.151261262596
8389295.231160722673
8399036.300942992792
8404593.520818779245
8404608.170818451792
8408634.450728457421
8409698.970704663545
8427382.980309395120
8431515.590217024088
8435445.890129175037
8440965.820005794987
8443500.439949141815
8443521.789948664606
8447062.859869515523
8447637.989856660366
8448454.509838409722
8453535.489724840969
8455984.569670099765
8460786.879562759772
8462415.319526361302
8462988.689513545483
8464083.279489079490
8475285.209238696843
8480249.449127737433
8482865.379069266841
8482998.179066298530
8492108.128862675279
8498665.198716113344
8513003.908395618200
8520772.588221974671
8520887.448219407350
8526346.528097387403
8526396.748096264899
8529936.118017153814
8530747.967999007553
8532053.577969824895
8536854.677862511948
8537906.167839009315
8550159.897565117106
8554446.517469303682
8555359.527448896319
8557048.737411139533
8560449.437335127965
8565090.347231395543
8565232.507228218019
8568183.347162261605
8570142.967118460685
8572252.407071311027
8575147.367006603628
8583613.596817368641
8584243.316803293303
8588494.996708260849
8589169.306693188846
8598882.426476083696
8613646.016146091744
8614524.406126458198
8622516.235947826877
8631546.035745995119
8636817.995628157631
8638358.565593723208
8641959.625513233244
8642296.815505696461
8642676.665497206151
8650598.495320139453
8654111.685241613537
8656416.485190097243
8658210.085150007159
8659578.855119412765
8668862.164911914617
8671614.304850399494
8681117.084637995809
8682667.204603347927
8686330.384521469474
8686751.134512064978
8687772.834489228204
8695435.764317948371
8696867.324285950512
8700981.924193982035
8706382.094073278829
8714946.273881854489
8715436.313870901242
8727869.663592994213
8728220.513585152104
8728630.973575977609
8731550.263510726392
8732365.083492513746
8736282.903404943645
8738425.213357059285
8738740.233350018039
8740468.323311392218
8752166.103049926460
8754401.532999960706
8756369.832955965772
8758630.352905439213
8759398.462888270617
8761502.452841242775
8762963.242808591574
8763095.022805646062
8766573.742727890611
8768289.862689532340
8770073.722649659961
8779105.282447788864
8785153.332312604412
8792205.102154985070
8798643.912011066452
8799333.121995661408
8800315.531973702833
8801397.351949522272
8805184.441864874214
8807022.401823792607
8816779.341605708003
8819442.401546183974
8820873.371514199302
8822970.571467323229
8825184.011417848989
8825342.931414296851
8826428.931390022859
8844364.990989120677
8852771.080801229924
8855434.450741698965
8856490.510718094185
8868611.340447172523
8875010.220304146409
8877011.510259414092
8878231.500232145190
8879744.080198336393
8888233.310008587316
8889210.429986746982
8893808.259883977473
8894418.549870336428
8896103.049832684919
8896992.509812803939
8897142.449809452519
8900660.059730827808
8904927.499635443091
8910063.379520647228
8911902.119479548186
8913121.159452300519
8940021.488851031289
8940888.148831659928
8942960.348785342649
8946273.358711291105
8947298.958688367158
8950747.158611293882
8950771.058610759676
8962850.148340770975
8983323.917883146554
8985461.357835371047
8990340.927726304159
8994656.017629854381
8994764.927627420053
8995355.957614209503
8995519.177610561252
8997880.127557789907
9000371.867502095178
9008441.087321734056
9009345.457301519811
9011513.337253063917
9015934.157154250890
9019990.897063575685
9022332.067011246458
9025925.896930918097
9041104.226591655985
9043409.456540130079
9044368.826518686488
9045959.596483130008
9046448.136472210288
9050540.536380738020
9052642.136333763599
9053490.876314792782
9059111.566189160571
9059946.386170500889
9061227.076141875237
9066511.576023757458
9071221.145918490365
9072427.775891520083
9075876.235814440995
9077578.915776383132
9078599.045753581449
9079103.845742298290
9099858.845278387889
9105752.505146654323
9107725.005102565512
9108125.905093604699
9114192.954957995564
9116431.944907950237
9124479.414728075266
9126587.604680953547
9144919.884271195158
9145970.774247705936
9149677.774164848030
9151921.534114696085
9165509.813810974360
9166875.783780442551
9171381.503679731861
9172366.163657722995
9173231.613638378680
9183901.233399894089
9184418.953388322145
9187385.973322004080
9188806.833290245384
9199221.683057455346
9204158.032947119325
9220141.072589870542
9221598.352557297796
9226889.912439022213
9228067.322412705049
9236611.332221731544
9239298.182161675766
9242542.592089157552
9249269.171938806772
9249700.771929159760
9260037.971698105335
9260319.451691813767
9262951.741632977501
9270794.461457679048
9277613.941305251792
9277996.941296691075
9278870.911277156323
9281422.041220134124
9283727.821168595925
9292556.100971268490
9296952.510873001069
9298459.060839327052
9299704.020811500028
9300253.500799218193
9303043.960736846551
9307999.350626084954
9312109.430534217507
9318707.340386742726
9319104.770377859473
9326134.400220734999
9332839.490070864558
9333978.990045394748
9338359.869947474450
9342501.489854902029
9346341.129769079387
9351859.809645727277
9356150.929549813271
9356467.529542736709
9359119.179483467713
9360021.249463304877
9361676.059426316991
9374070.809149272740
9375129.239125614986
9384197.408922925591
9386689.698867218569
9398727.198598159477
9401121.528544642031
9402234.678519761190
9408703.368375174701
9416399.848203144968
9417606.768176168203
9419713.308129083365
9421454.268090169877
9426095.657986426726
9427244.337960751727
9431349.747868988663
9434380.457801247016
9437423.537733228877
9440642.447661280632
9453753.617368223146
9456589.797304829583
9456847.757299063727
9458102.207271024585
9461746.077189577743
9462587.047170780599
9466812.087076343596
9469675.017012352124
9470886.226985279471
9473055.016936803237
9476396.736862109974
9489372.416572080925
9500019.146334107965
9500057.996333239600
9505162.696219140664
9507629.866163995117
9511307.626081790775
9511893.066068705171
9518434.055922502652
9521191.055860878900
9525424.795766247436
9526282.965747065842
9529488.535675415769
9529835.105667669326
9530709.495648125187
9532100.505617033690
9536604.845516353846
9538793.445467434824
9538992.355462988839
9548111.605259157717
9550306.705210093409
9561459.574960807338
9566224.414854304865
9566708.474843485281
9572496.484714113176
9575010.954657910392
9582866.254482330754
9603846.484013386071
9611002.903853427619
9620734.703635904938
9620826.393633855507
9626141.053515063599
9646948.923049971461
9648642.153012124822
9649451.592994032428
9652421.492927649990
9655115.542867433280
9657786.962807722390
9657930.802804507315
9658105.892800593749
9666115.372621567920
9666129.832621244714
9666402.702615145594
9671482.092501612380
9674776.752427970991
9676541.402388527989
9677647.482363805175
9678263.672350032255
9681415.392279585823
9685984.022177468985
9697358.141923237592
9700643.581849802285
9701589.521828658879
9703294.961790539324
9706245.651724586263
9707412.821698497981
9709445.521653063595
9713473.721563026309
9713708.111557787284
9720118.401414506137
9729152.841212570667
9736001.361059494317
9736553.381047155708
9746897.840815939009
9761273.720494613051
9765175.410407403484
9766942.610367903486
9771748.710260478780
9772779.150237446651
9783887.249989161268
9784753.269969804212
9798617.399659916759
9800521.899617347866
9802700.439568653703
9810838.719386748970
9812946.379339639097
9814570.369303340092
9816349.239263579249
9817326.329241739586
9819797.989186493680
9824157.009089061990
9826266.369041914120
9830489.398947522044
9832892.668893804774
9836138.888821246102
9837675.468786900863
9842618.648676412180
9843264.178661983460
9844559.948633020744
9848684.498540829867
9849293.718527212739
9853373.798436015844
9853841.788425555453
9856134.158374316990
9858071.538331013173
9859947.948289072141
9860153.348284481093
9862444.788233263418
9863144.938217613846
9865398.978167232126
9872135.228016665205
9881395.857809673995
9881439.347808701918
9882420.047786781564
9884816.877733208239
9886225.157701730728
9886640.487692447379
9890097.657615173608
9897640.137446586043
9898885.987418739125
9900038.737392973155
9905315.667275024578
9909597.487179318443
9923272.546873657033
9937992.796544633806
9945493.826376972720
9950071.696274649352
9950851.966257208958
9952179.756227530539
9953346.276201456785
9955813.156146317720
9963015.345985336229
9974097.165737638250
9975719.755701370537
9977950.565651508048
9980250.875600092113
9980820.255587365478
9981018.845582926646
9985460.155483655632
9987707.775433417410
