10738.310000187972
13680.500000252194
36885.169998527374
72893.240000510079
95864.139988476338
101303.269985626946
126236.899972564992
231170.330063255853
249066.290079922765
256457.660086806514
357544.760180951213
365777.950188618968
373054.070195395383
377915.320199922775
392199.560213226010
398874.620219442644
426237.900244926685
437055.410255001276
439463.960257244413
470823.530286450288
472628.410288131214
520935.910333121079
525793.830337645370
529501.800341098686
550496.300360651338
566592.180375641794
578314.600386559148
580292.430388401146
588532.290396075114
650341.830453639734
708989.300508259446
712233.520511280862
723110.880521411193
734730.920532233198
739172.840536370059
744473.500541306683
759200.620555022382
762075.500557699823
766876.840562171419
783516.790577668580
794509.680587906507
796657.910589907202
797714.060590890818
823868.690615249216
847619.100637368509
848386.560638083261
877700.890665384359
966979.270748531329
1000623.150779864634
1002806.250781897805
1011707.390790187637
1020746.380798605853
1027747.550805126200
1037509.140814217390
1073465.830847704550
1090631.730863691540
1103454.750875633908
1111924.890883522341
1128521.830898979446
1165290.860933223274
1189504.090955773601
1196300.310962103074
1197940.700963630807
1206546.440971645527
1249222.831011391012
1269169.961029968224
1314638.641072314233
1320365.411077647703
1321898.941079075914
1331983.721088468097
1383968.241136882454
1396553.861148603726
1407669.741158956196
1435081.911184485769
1438226.441187414341
1511030.331255218247
1515755.641259619035
1535209.121277736500
1538192.551280515036
1556182.371297269361
1578787.351318321889
1601779.601339735091
1647889.971382678719
1679819.151412415085
1690193.701422077138
1694029.251425649272
1715314.151445472380
1717304.661447326187
1717949.301447926555
1736105.231464835582
1753482.311481019249
1788369.491513510467
1842577.531563995639
1870780.501590261701
1872038.281591433100
1888799.041607042775
1904529.081621692516
1920580.771636641817
1923679.431639527669
1947682.701661882456
1966412.451679325895
1989694.091701008612
2001230.691711752908
2005282.711715526646
2014462.701724076178
2037312.021745356265
2070636.841776392423
2081951.081786929630
2121870.801248578355
2123785.621205778793
2183757.979865292087
2195722.679597860202
2227739.718882223591
2230044.648830704391
2230675.238816609606
2268912.297961944714
2286922.287559390068
2350827.756130991504
2366792.915774142370
2376728.075552074239
2403656.934950167313
2463257.053618000820
2474203.063373338431
2520764.512332608923
2521044.542326349765
2539883.901905257255
2559147.211474688724
2571684.941194448620
2588334.180822309107
2592961.540718879551
2594618.910681834444
2642149.309619447216
2737861.637480109930
2753399.077132821083
2764831.146877294406
2775263.496644113213
2779313.576553586870
2791996.256270106882
2857613.424803448841
2866405.424606932327
2909784.993637323380
2931018.653162714094
2939138.862981213257
2948148.232779838145
2957794.472564227879
3025093.301059981808
3031017.230927571654
3034299.690854202956
3048523.190536282957
3055833.060372894630
3060294.750273168087
3064312.330183368176
3122801.418876035139
3156491.878122994676
3166742.397893877700
3185580.427472814918
3185681.077470565215
3210049.756925882772
3211479.606893923134
3239070.276277223602
3245604.136131180450
3264354.285712081939
3265973.435675891116
3283409.365286167711
3307494.684747818857
3329913.484246719629
3357254.173635607585
3359383.523588012904
3359560.933584047481
3362083.233527669683
3417560.522287655622
3426095.362096887082
3434105.971917835996
3472461.081060532480
3472614.391057105735
3507034.660287752748
3532069.109728189185
3532647.799715254456
3564576.569001590833
3572460.688825367019
3585914.978524640203
3597769.818259663880
3619115.657782547176
3643425.257239185274
3653919.467004621401
3669668.256652608514
3686749.476270813495
3720681.285512378439
3732071.925257777795
3744296.924984527752
3782829.264123262838
3867079.372240126133
3886834.391798567027
3895632.201601920649
3927072.930899165571
3969979.929940119386
3984863.769607439637
4011775.539005914703
4029586.698607804254
4033961.308510024101
4120516.586575362831
4153128.225846435875
4179508.745256785303
4199476.144810479134
4226954.104196298867
4258545.133490184322
4259131.773477071896
4268209.163274176419
4273396.303158234805
4292267.172736437991
4306098.542427282780
4319391.472130162641
4323207.352044871077
4333350.771818147972
4337743.961719952524
4348117.121488094330
4358452.361257083714
4489500.898327920586
4490185.138312626630
4514923.897759672254
4523011.497578900307
4539630.277207441628
4548849.837001368403
4555847.396844960749
4591099.246057020500
4620437.515401259065
4624629.535307560116
4669228.704310690984
4698740.423651052639
4725675.213049013168
4727352.403011525050
4757364.922340692952
4783537.491755690426
4788943.881634848192
4802859.941323800012
4811948.771120648831
4837446.520550729707
4840971.520471939817
4897011.139219356701
4941167.208232391626
4943048.648190338165
4963957.307722993195
4987939.107186958194
5027776.816296515986
5034615.596143657342
5056531.145653806627
5066787.335424562916
5070562.325340185314
5090413.424896478653
5102875.014617940411
5146458.133643781766
5147947.523610491306
5152274.273513780907
5181489.282860774547
5192106.192623468116
5208029.522267553955
5212072.402177188545
5225552.251875890419
5272331.540830291808
5308638.570018766448
5319324.999779906124
5338735.409346049652
5361952.238827113062
5362446.278816070408
5377889.048470897600
5398596.278008054942
5476565.436265308410
5515012.495405949652
5518245.125333694741
5555198.524507721886
5559695.974407196045
5601936.573463045061
5602882.773441895843
5613464.923205366358
5636743.832685042173
5700011.451270900667
5725031.870711650699
5725663.140697540715
5735014.940488511696
5746700.710227314383
5770934.319685650989
5773727.229623224586
5789494.419270800427
5801345.909005898982
5809737.458818333223
5815565.808688059449
5834561.318263476714
5865842.317564291880
5905013.656688744202
5927745.136180656031
5961903.775417150930
5963023.825392115861
5969726.885242290795
5970901.795216029510
5988298.584827180952
5993451.924711994827
6012746.334280731156
6034544.823793496937
6039345.703686188906
6043569.313591783866
6053529.883369147778
6088954.432577347383
6096947.382398691028
6107504.802162714303
6131709.671621693298
6154387.821114797145
6163758.900905337185
6174059.730675095692
6186418.410398857668
6223357.539573203772
6234415.969326028600
6257458.018810998648
6270631.928516538814
6278680.938336629421
6281943.868263697252
6339805.496970389038
6362425.506464792415
6384813.315964385867
6392131.685800807551
6413900.005314247683
6454417.834408603609
6478601.543868055567
6485861.053705792874
6508498.213199812919
6512637.823107285425
6571402.801793785766
6588574.531409967691
6603936.721066595986
6627097.230548918247
6644732.530154738575
6654191.099943323061
6661883.009771395475
6694753.689036678523
6697960.238965006545
6729056.358269954100
6734822.018141081557
6788718.756936395541
6817472.336293702945
6864373.285245385021
6865181.765227314085
6882889.434831516817
6906010.444314721972
6935560.713654221967
6940201.353550495580
6944934.523444700986
6979666.312668384984
7002838.942150436342
7014020.611900506541
7057469.500929348171
7063072.980804100633
7082293.090374497697
7120410.869522498921
7135432.129186747596
7149304.818876668811
7173247.078341517597
7180521.938178911805
7223766.147212328389
7225209.817180059850
7227588.797126885504
7236213.266934113577
7243539.186770366505
7249674.746633226052
7264377.656304590404
7290526.735720112920
7295223.285615136847
7296641.015583448112
7337062.044679967687
7338531.084647132084
7355104.634276684374
7374387.643845675513
7380923.993699576706
7384139.313627708703
7413164.032978955656
7432363.572549812496
7433723.082519425079
7449390.372169233859
7465854.331801235676
7491118.021236548200
7510954.670793164521
7526265.040450951084
7553289.859846899286
7559036.269718457013
7589580.499035740271
7589987.099026652053
7608020.028623584658
7631102.678107647225
7677934.607060872018
7678546.837047187611
7689827.096795054153
7690396.026782337576
7710745.746327485889
7746476.375528844073
7770817.064984787256
7843581.103358384222
7861595.002955742180
7935328.231307676062
7994388.159987583756
8002261.289811605588
8025391.739294599742
8031992.659147057682
8044752.528861852363
8052558.198687382042
8060615.478507287800
8067048.998363487422
8080766.638056874275
8090142.997847296298
8102775.037564948201
8104151.317534185946
8114921.797293446958
8117826.077228531241
8156596.576361943036
8174242.795967519283
8175592.065937360749
8176119.985925560817
8183152.915768362582
8187354.095674458891
8199451.275404065847
8205896.345260007307
8237007.124564627185
8243645.674416244030
8317417.842767307535
8354455.851939443499
8369708.171598527580
8373989.651502829045
8399038.090942952782
8408635.720728429034
8447064.399869481102
8482866.379069244489
8526347.778097359464
8526398.108096234500
8529936.878017136827
8536856.327862475067
8572253.397071288899
8575148.307006582618
8583614.466817349195
8613647.026146069169
8614525.606126431376
8622517.295947803184
8631547.555745961145
8642297.625505678356
8642677.655497184023
8650599.815320109949
8654112.815241588280
8656417.935190064833
8658211.295149980113
8659581.715119348839
8696868.164285931736
8740469.663311362267
8759399.722888242453
8805187.341864809394
8819443.821546152234
8820874.471514174715
8825344.031414272264
8868613.390447126701
8878232.700232118368
8894419.739870309830
8940890.448831608519
8947299.588688353077
8997881.187557766214
9019991.907063553110
9025926.666930900887
9045961.066483097151
9066513.556023713201
9075877.875814404339
9078603.085753491148
9108128.485093547031
9144921.074271168560
9151923.314114656299
9165510.663810955361
9166877.643780400977
9171382.503679709509
9221599.352557275444
9249270.111938785762
9260320.181691797450
9277615.421305218711
9283728.681168576702
9299704.660811485723
9312110.720534188673
9318708.500386716798
9356152.529549777508
9356468.879542706534
9384198.308922905475
9402235.998519731686
9427245.827960718423
9434381.067801233381
9456848.627299044281
9466813.467076312751
9525427.535766186193
9532101.215617017820
9536607.365516297519
9566709.844843454659
9626142.603515028954
9648643.483012095094
9666404.292615110055
9671483.232501586899
9677648.082363791764
9701591.341828618199
9707413.681698478758
9761274.250494601205
9816350.929263541475
9817328.919241681695
9837678.228786839172
9849294.418527197093
9860154.378284458071
9872135.938016649336
9881440.247808681801
9886642.577692400664
9900040.527392933145
9905317.707274978980
9945496.746376907453
9950072.946274621412
9974098.015737619251
9980252.825600048527
9980822.115587323904
9985461.405483627692
