256458.810086807585
373055.020195396268
472630.940288133570
520937.210333122290
708990.080508260173
723111.890521412133
734733.120532235247
762077.590557701769
766878.180562172667
796658.790589908022
797715.350590892020
1002807.590781899053
1020747.220798606635
1090633.450863693142
1511031.251255219104
1715314.621445472818
1717950.131447927328
1947684.811661884421
2014464.761724078096
2123786.661205755547
2183759.259865263477
2195723.939597832039
2230045.918830676004
2286923.547559361905
2350829.546130951494
2866407.124606894329
2939140.702981172130
3055834.170372869819
3185581.747472785413
3210051.406925845891
3329914.474246697500
3359561.843584027141
3532649.369715219364
3564577.259001575410
3597771.718259621412
4323209.382044825703
4490186.628312593326
4523013.797578848898
4591100.386056995019
4698741.293651033193
4788945.371634814888
4943049.818190312013
4963958.567722965032
5090414.264896459877
5102877.464617885649
5362447.378816045821
5476566.296265289187
5518246.225333670154
5602884.263441862538
5746701.820227289572
5801347.119005871937
5865843.497564265504
5905015.246688708663
6234418.129325980321
6270633.828516496345
6362427.566464746371
6478602.313868038356
6485861.523705782369
6661884.309771366417
6697962.318964960054
6817474.836293647066
6865182.565227296203
7057470.940929315984
7173248.048341495916
7225211.477180022746
7227590.237126853317
7236214.666934082285
7295226.155615072697
7374388.903845647350
7384139.953627694398
7559037.449718430638
7589989.079026607797
7843582.113358361647
7994389.399987556040
8025392.719294577837
8044753.838861823082
8080767.658056851476
8156597.296361926943
8187355.415674429387
8243646.194416232407
8317419.062767280266
8373990.701502805576
8529938.388017103076
8642298.955505648628
8696869.674285897985
8947300.278688337654
9025928.066930869594
9260321.711691763252
9299705.680811462924
9384200.128922864795
9434382.087801210582
9532102.345616992563
9677648.902363773435
9761274.900494586676
9849295.598527170718
9860158.008284376934
9872137.498016614467
9974100.395737566054
