0.000000	-0.046772	
0.000099	-0.046770	
0.000199	-0.046769	
0.000299	-0.046767	
0.000399	-0.046766	
0.000499	-0.046764	
0.000599	-0.046763	
0.000699	-0.046762	
0.000799	-0.046761	
0.000899	-0.046760	
0.000999	-0.046760	
0.001099	-0.046757	
0.001199	-0.046755	
0.001299	-0.046753	
0.001399	-0.046752	
0.001499	-0.046749	
0.001599	-0.046748	
0.001699	-0.046748	
0.001799	-0.046746	
0.001899	-0.046745	
0.001999	-0.046745	
0.002099	-0.046744	
0.002199	-0.046741	
0.002299	-0.046739	
0.002399	-0.046738	
0.002499	-0.046737	
0.002599	-0.046735	
0.002699	-0.046734	
0.002799	-0.046734	
0.002899	-0.046733	
0.002999	-0.046731	
0.003099	-0.046731	
0.003199	-0.046729	
0.003299	-0.046728	
0.003399	-0.046726	
0.003499	-0.046725	
0.003599	-0.046722	
0.003699	-0.046720	
0.003799	-0.046718	
0.003899	-0.046717	
0.003999	-0.046716	
0.004099	-0.046715	
0.004199	-0.046713	
0.004299	-0.046712	
0.004399	-0.046710	
0.004499	-0.046709	
0.004599	-0.046708	
0.004699	-0.046707	
0.004799	-0.046706	
0.004899	-0.046705	
0.004999	-0.046704	
0.005099	-0.046704	
0.005199	-0.046704	
0.005299	-0.046703	
0.005399	-0.046702	
0.005499	-0.046702	
0.005599	-0.046700	
0.005699	-0.046697	
0.005799	-0.046695	
0.005899	-0.046692	
0.005999	-0.046692	
0.006099	-0.046691	
0.006199	-0.046690	
0.006299	-0.046689	
0.006399	-0.046688	
0.006499	-0.046687	
0.006599	-0.046687	
0.006699	-0.046686	
0.006799	-0.046684	
0.006899	-0.046682	
0.006999	-0.046680	
0.007099	-0.046679	
0.007199	-0.046679	
0.007299	-0.046678	
0.007399	-0.046677	
0.007499	-0.046675	
0.007599	-0.046673	
0.007699	-0.046671	
0.007799	-0.046669	
0.007899	-0.046667	
0.007999	-0.046666	
0.008099	-0.046666	
0.008199	-0.046663	
0.008299	-0.046662	
0.008399	-0.046661	
0.008499	-0.046660	
0.008599	-0.046660	
0.008699	-0.046659	
0.008799	-0.046658	
0.008899	-0.046656	
0.008999	-0.046654	
0.009099	-0.046650	
0.009199	-0.046648	
0.009299	-0.046647	
0.009399	-0.046645	
0.009499	-0.046644	
0.009599	-0.046642	
0.009699	-0.046641	
0.009799	-0.046639	
0.009899	-0.046637	
0.009999	-0.046635	
0.010099	-0.046633	
0.010199	-0.046631	
0.010299	-0.046631	
0.010399	-0.046630	
0.010499	-0.046629	
0.010599	-0.046629	
0.010699	-0.046628	
0.010799	-0.046627	
0.010899	-0.046627	
0.010999	-0.046627	
0.011099	-0.046626	
0.011199	-0.046625	
0.011299	-0.046623	
0.011399	-0.046623	
0.011499	-0.046621	
0.011599	-0.046620	
0.011699	-0.046619	
0.011799	-0.046619	
0.011899	-0.046619	
0.011999	-0.046617	
0.012099	-0.046616	
0.012199	-0.046614	
0.012299	-0.046613	
0.012399	-0.046613	
0.012499	-0.046610	
0.012599	-0.046609	
0.012699	-0.046608	
0.012799	-0.046607	
0.012899	-0.046607	
0.012999	-0.046607	
0.013099	-0.046606	
0.013199	-0.046605	
0.013299	-0.046605	
0.013399	-0.046602	
0.013499	-0.046602	
0.013599	-0.046602	
0.013699	-0.046600	
0.013799	-0.046599	
0.013899	-0.046597	
0.013999	-0.046597	
0.014099	-0.046596	
0.014199	-0.046594	
0.014299	-0.046592	
0.014399	-0.046590	
0.014499	-0.046587	
0.014599	-0.046585	
0.014699	-0.046584	
0.014799	-0.046581	
0.014899	-0.046580	
0.014999	-0.046578	
0.015099	-0.046576	
0.015199	-0.046574	
0.015299	-0.046573	
0.015399	-0.046571	
0.015499	-0.046569	
0.015599	-0.046568	
0.015699	-0.046568	
0.015799	-0.046566	
0.015899	-0.046564	
0.015999	-0.046563	
0.016099	-0.046563	
0.016199	-0.046563	
0.016299	-0.046561	
0.016399	-0.046560	
0.016499	-0.046559	
0.016599	-0.046558	
0.016699	-0.046558	
0.016799	-0.046557	
0.016899	-0.046556	
0.016999	-0.046556	
0.017099	-0.046554	
0.017199	-0.046554	
0.017299	-0.046554	
0.017399	-0.046554	
0.017499	-0.046553	
0.017599	-0.046552	
0.017699	-0.046552	
0.017799	-0.046551	
0.017899	-0.046549	
0.017999	-0.046549	
0.018099	-0.046547	
0.018199	-0.046546	
0.018299	-0.046544	
0.018399	-0.046542	
0.018499	-0.046541	
0.018599	-0.046540	
0.018699	-0.046539	
0.018799	-0.046537	
0.018899	-0.046535	
0.018999	-0.046533	
0.019099	-0.046532	
0.019199	-0.046528	
0.019299	-0.046526	
0.019399	-0.046524	
0.019499	-0.046523	
0.019599	-0.046521	
0.019699	-0.046518	
0.019799	-0.046517	
0.019899	-0.046516	
0.019999	-0.046515	
0.020099	-0.046515	
0.020199	-0.046515	
0.020299	-0.046514	
0.020399	-0.046513	
0.020499	-0.046512	
0.020599	-0.046510	
0.020699	-0.046509	
0.020799	-0.046508	
0.020899	-0.046506	
0.020999	-0.046504	
0.021099	-0.046503	
0.021199	-0.046500	
0.021299	-0.046498	
0.021399	-0.046497	
0.021499	-0.046497	
0.021599	-0.046494	
0.021699	-0.046492	
0.021799	-0.046491	
0.021899	-0.046489	
0.021999	-0.046488	
0.022099	-0.046488	
0.022199	-0.046487	
0.022299	-0.046486	
0.022399	-0.046485	
0.022499	-0.046483	
0.022599	-0.046482	
0.022699	-0.046482	
0.022799	-0.046481	
0.022899	-0.046480	
0.022999	-0.046479	
0.023099	-0.046479	
0.023199	-0.046478	
0.023299	-0.046476	
0.023399	-0.046475	
0.023499	-0.046474	
0.023599	-0.046473	
0.023699	-0.046472	
0.023799	-0.046471	
0.023899	-0.046470	
0.023999	-0.046469	
0.024099	-0.046467	
0.024199	-0.046467	
0.024299	-0.046466	
0.024399	-0.046466	
0.024499	-0.046464	
0.024599	-0.046463	
0.024699	-0.046462	
0.024799	-0.046459	
0.024899	-0.046458	
0.024999	-0.046455	
0.025099	-0.046454	
0.025199	-0.046453	
0.025299	-0.046453	
0.025399	-0.046452	
0.025499	-0.046451	
0.025599	-0.046450	
0.025699	-0.046448	
0.025799	-0.046447	
0.025899	-0.046446	
0.025999	-0.046444	
0.026099	-0.046442	
0.026199	-0.046442	
0.026299	-0.046441	
0.026399	-0.046440	
0.026499	-0.046439	
0.026599	-0.046438	
0.026699	-0.046437	
0.026799	-0.046437	
0.026899	-0.046437	
0.026999	-0.046436	
0.027099	-0.046434	
0.027199	-0.046433	
0.027299	-0.046431	
0.027399	-0.046431	
0.027499	-0.046429	
0.027599	-0.046426	
0.027699	-0.046425	
0.027799	-0.046423	
0.027899	-0.046422	
0.027999	-0.046420	
0.028099	-0.046419	
0.028199	-0.046419	
0.028299	-0.046418	
0.028399	-0.046418	
0.028499	-0.046416	
0.028599	-0.046415	
0.028699	-0.046414	
0.028799	-0.046413	
0.028899	-0.046412	
0.028999	-0.046412	
0.029099	-0.046411	
0.029199	-0.046409	
0.029299	-0.046407	
0.029399	-0.046406	
0.029499	-0.046405	
0.029599	-0.046404	
0.029699	-0.046403	
0.029799	-0.046402	
0.029899	-0.046402	
0.029999	-0.046399	
0.030099	-0.046398	
0.030199	-0.046397	
0.030299	-0.046396	
0.030399	-0.046395	
0.030499	-0.046394	
0.030599	-0.046393	
0.030699	-0.046392	
0.030799	-0.046390	
0.030899	-0.046389	
0.030999	-0.046388	
0.031099	-0.046387	
0.031199	-0.046385	
0.031299	-0.046384	
0.031399	-0.046383	
0.031499	-0.046382	
0.031599	-0.046382	
0.031699	-0.046381	
0.031799	-0.046379	
0.031899	-0.046378	
0.031999	-0.046376	
0.032099	-0.046375	
0.032199	-0.046374	
0.032299	-0.046373	
0.032399	-0.046371	
0.032499	-0.046369	
0.032599	-0.046367	
0.032699	-0.046363	
0.032799	-0.046360	
0.032899	-0.046359	
0.032999	-0.046356	
0.033099	-0.046354	
0.033199	-0.046352	
0.033299	-0.046351	
0.033399	-0.046351	
0.033499	-0.046350	
0.033599	-0.046350	
0.033699	-0.046349	
0.033799	-0.046348	
0.033899	-0.046346	
0.033999	-0.046345	
0.034099	-0.046343	
0.034199	-0.046342	
0.034299	-0.046340	
0.034399	-0.046338	
0.034499	-0.046337	
0.034599	-0.046335	
0.034699	-0.046334	
0.034799	-0.046334	
0.034899	-0.046332	
0.034999	-0.046331	
0.035099	-0.046328	
0.035199	-0.046326	
0.035299	-0.046324	
0.035399	-0.046323	
0.035499	-0.046322	
0.035599	-0.046321	
0.035699	-0.046318	
0.035799	-0.046316	
0.035899	-0.046315	
0.035999	-0.046314	
0.036099	-0.046314	
0.036199	-0.046313	
0.036299	-0.046313	
0.036399	-0.046313	
0.036499	-0.046311	
0.036599	-0.046310	
0.036699	-0.046307	
0.036799	-0.046306	
0.036899	-0.046302	
0.036999	-0.046301	
0.037099	-0.046299	
0.037199	-0.046300	
0.037299	-0.046298	
0.037399	-0.046297	
0.037499	-0.046296	
0.037599	-0.046295	
0.037699	-0.046293	
0.037799	-0.046291	
0.037899	-0.046290	
0.037999	-0.046289	
0.038099	-0.046288	
0.038199	-0.046288	
0.038299	-0.046287	
0.038399	-0.046287	
0.038499	-0.046285	
0.038599	-0.046283	
0.038699	-0.046281	
0.038799	-0.046279	
0.038899	-0.046278	
0.038999	-0.046278	
0.039099	-0.046278	
0.039199	-0.046277	
0.039299	-0.046276	
0.039399	-0.046275	
0.039499	-0.046273	
0.039599	-0.046270	
0.039699	-0.046268	
0.039799	-0.046267	
0.039899	-0.046266	
0.039999	-0.046264	
0.040099	-0.046263	
0.040199	-0.046262	
0.040299	-0.046262	
0.040399	-0.046261	
0.040499	-0.046260	
0.040599	-0.046258	
0.040699	-0.046257	
0.040799	-0.046256	
0.040899	-0.046254	
0.040999	-0.046253	
0.041099	-0.046251	
0.041199	-0.046250	
0.041299	-0.046248	
0.041399	-0.046248	
0.041499	-0.046247	
0.041599	-0.046245	
0.041699	-0.046245	
0.041799	-0.046242	
0.041899	-0.046241	
0.041999	-0.046242	
0.042099	-0.046241	
0.042199	-0.046240	
0.042299	-0.046239	
0.042399	-0.046236	
0.042499	-0.046233	
0.042599	-0.046230	
0.042699	-0.046228	
0.042799	-0.046225	
0.042899	-0.046223	
0.042999	-0.046221	
0.043099	-0.046220	
0.043199	-0.046217	
0.043299	-0.046216	
0.043399	-0.046215	
0.043499	-0.046213	
0.043599	-0.046212	
0.043699	-0.046211	
0.043799	-0.046209	
0.043899	-0.046207	
0.043999	-0.046206	
0.044099	-0.046205	
0.044199	-0.046203	
0.044299	-0.046201	
0.044399	-0.046199	
0.044499	-0.046197	
0.044599	-0.046195	
0.044699	-0.046194	
0.044799	-0.046193	
0.044899	-0.046192	
0.044999	-0.046191	
0.045099	-0.046191	
0.045199	-0.046190	
0.045299	-0.046188	
0.045399	-0.046187	
0.045499	-0.046186	
0.045599	-0.046182	
0.045699	-0.046179	
0.045799	-0.046174	
0.045899	-0.046172	
0.045999	-0.046171	
0.046099	-0.046169	
0.046199	-0.046168	
0.046299	-0.046167	
0.046399	-0.046165	
0.046499	-0.046164	
0.046599	-0.046162	
0.046699	-0.046160	
0.046799	-0.046159	
0.046899	-0.046158	
0.046999	-0.046158	
0.047099	-0.046157	
0.047199	-0.046155	
0.047299	-0.046155	
0.047399	-0.046154	
0.047499	-0.046154	
0.047599	-0.046152	
0.047699	-0.046150	
0.047799	-0.046148	
0.047899	-0.046148	
0.047999	-0.046148	
0.048099	-0.046146	
0.048199	-0.046145	
0.048299	-0.046143	
0.048399	-0.046142	
0.048499	-0.046141	
0.048599	-0.046139	
0.048699	-0.046136	
0.048799	-0.046134	
0.048899	-0.046133	
0.048999	-0.046131	
0.049099	-0.046128	
0.049199	-0.046126	
0.049299	-0.046124	
0.049399	-0.046121	
0.049499	-0.046119	
0.049599	-0.046119	
0.049699	-0.046117	
0.049799	-0.046116	
0.049899	-0.046116	
0.049999	-0.046115	
0.050099	-0.046114	
0.050199	-0.046113	
0.050299	-0.046112	
0.050399	-0.046110	
0.050499	-0.046109	
0.050599	-0.046108	
0.050699	-0.046106	
0.050799	-0.046103	
0.050899	-0.046102	
0.050999	-0.046100	
0.051099	-0.046097	
0.051199	-0.046096	
0.051299	-0.046094	
0.051399	-0.046093	
0.051499	-0.046092	
0.051599	-0.046090	
0.051699	-0.046089	
0.051799	-0.046086	
0.051899	-0.046086	
0.051999	-0.046084	
0.052099	-0.046082	
0.052199	-0.046083	
0.052299	-0.046083	
0.052399	-0.046081	
0.052499	-0.046080	
0.052599	-0.046078	
0.052699	-0.046076	
0.052799	-0.046075	
0.052899	-0.046074	
0.052999	-0.046073	
0.053099	-0.046071	
0.053199	-0.046069	
0.053299	-0.046066	
0.053399	-0.046063	
0.053499	-0.046062	
0.053599	-0.046062	
0.053699	-0.046061	
0.053799	-0.046059	
0.053899	-0.046058	
0.053999	-0.046057	
0.054099	-0.046056	
0.054199	-0.046056	
0.054299	-0.046055	
0.054399	-0.046053	
0.054499	-0.046052	
0.054599	-0.046050	
0.054699	-0.046047	
0.054799	-0.046045	
0.054899	-0.046043	
0.054999	-0.046041	
0.055099	-0.046040	
0.055199	-0.046039	
0.055299	-0.046035	
0.055399	-0.046034	
0.055499	-0.046033	
0.055599	-0.046031	
0.055699	-0.046029	
0.055799	-0.046028	
0.055899	-0.046028	
0.055999	-0.046027	
0.056099	-0.046027	
0.056199	-0.046025	
0.056299	-0.046021	
0.056399	-0.046019	
0.056499	-0.046018	
0.056599	-0.046017	
0.056699	-0.046015	
0.056799	-0.046013	
0.056899	-0.046012	
0.056999	-0.046009	
0.057099	-0.046007	
0.057199	-0.046004	
0.057299	-0.046003	
0.057399	-0.046002	
0.057499	-0.046001	
0.057599	-0.045999	
0.057699	-0.045998	
0.057799	-0.045998	
0.057899	-0.045998	
0.057999	-0.045998	
0.058099	-0.045997	
0.058199	-0.045995	
0.058299	-0.045994	
0.058399	-0.045991	
0.058499	-0.045991	
0.058599	-0.045991	
0.058699	-0.045989	
0.058799	-0.045987	
0.058899	-0.045985	
0.058999	-0.045984	
0.059099	-0.045982	
0.059199	-0.045980	
0.059299	-0.045980	
0.059399	-0.045979	
0.059499	-0.045978	
0.059599	-0.045977	
0.059699	-0.045976	
0.059799	-0.045975	
0.059899	-0.045971	
0.059999	-0.045969	
0.060099	-0.045968	
0.060199	-0.045967	
0.060299	-0.045965	
0.060399	-0.045964	
0.060499	-0.045962	
0.060599	-0.045961	
0.060699	-0.045960	
0.060799	-0.045958	
0.060899	-0.045958	
0.060999	-0.045956	
0.061099	-0.045954	
0.061199	-0.045952	
0.061299	-0.045951	
0.061399	-0.045949	
0.061499	-0.045947	
0.061599	-0.045945	
0.061699	-0.045943	
0.061799	-0.045942	
0.061899	-0.045941	
0.061999	-0.045939	
0.062099	-0.045937	
0.062199	-0.045935	
0.062299	-0.045934	
0.062399	-0.045932	
0.062499	-0.045931	
0.062599	-0.045930	
0.062699	-0.045929	
0.062799	-0.045928	
0.062899	-0.045925	
0.062999	-0.045923	
0.063099	-0.045923	
0.063199	-0.045922	
0.063299	-0.045921	
0.063399	-0.045920	
0.063499	-0.045917	
0.063599	-0.045914	
0.063699	-0.045912	
0.063799	-0.045911	
0.063899	-0.045909	
0.063999	-0.045908	
0.064099	-0.045907	
0.064199	-0.045907	
0.064299	-0.045905	
0.064399	-0.045904	
0.064499	-0.045902	
0.064599	-0.045902	
0.064699	-0.045901	
0.064799	-0.045900	
0.064899	-0.045899	
0.064999	-0.045898	
0.065099	-0.045897	
0.065199	-0.045896	
0.065299	-0.045895	
0.065399	-0.045894	
0.065499	-0.045893	
0.065599	-0.045892	
0.065699	-0.045891	
0.065799	-0.045890	
0.065899	-0.045889	
0.065999	-0.045888	
0.066099	-0.045886	
0.066199	-0.045885	
0.066299	-0.045882	
0.066399	-0.045881	
0.066499	-0.045880	
0.066599	-0.045879	
0.066699	-0.045880	
0.066799	-0.045879	
0.066899	-0.045877	
0.066999	-0.045877	
0.067099	-0.045874	
0.067199	-0.045873	
0.067299	-0.045870	
0.067399	-0.045870	
0.067499	-0.045868	
0.067599	-0.045866	
0.067699	-0.045865	
0.067799	-0.045864	
0.067899	-0.045863	
0.067999	-0.045863	
0.068099	-0.045861	
0.068199	-0.045859	
0.068299	-0.045857	
0.068399	-0.045855	
0.068499	-0.045854	
0.068599	-0.045853	
0.068699	-0.045852	
0.068799	-0.045852	
0.068899	-0.045850	
0.068999	-0.045849	
0.069099	-0.045846	
0.069199	-0.045844	
0.069299	-0.045842	
0.069399	-0.045841	
0.069499	-0.045838	
0.069599	-0.045838	
0.069699	-0.045836	
0.069799	-0.045835	
0.069899	-0.045833	
0.069999	-0.045831	
0.070099	-0.045829	
0.070199	-0.045827	
0.070299	-0.045825	
0.070399	-0.045824	
0.070499	-0.045822	
0.070599	-0.045822	
0.070699	-0.045819	
0.070799	-0.045818	
0.070899	-0.045816	
0.070999	-0.045814	
0.071099	-0.045814	
0.071199	-0.045814	
0.071299	-0.045813	
0.071399	-0.045813	
0.071499	-0.045811	
0.071599	-0.045810	
0.071699	-0.045809	
0.071799	-0.045807	
0.071899	-0.045807	
0.071999	-0.045806	
0.072099	-0.045805	
0.072199	-0.045804	
0.072299	-0.045803	
0.072399	-0.045802	
0.072499	-0.045798	
0.072599	-0.045795	
0.072699	-0.045794	
0.072799	-0.045793	
0.072899	-0.045793	
0.072999	-0.045792	
0.073099	-0.045792	
0.073199	-0.045791	
0.073299	-0.045791	
0.073399	-0.045791	
0.073499	-0.045789	
0.073599	-0.045787	
0.073699	-0.045785	
0.073799	-0.045783	
0.073899	-0.045783	
0.073999	-0.045781	
0.074099	-0.045780	
0.074199	-0.045778	
0.074299	-0.045775	
0.074399	-0.045773	
0.074499	-0.045771	
0.074599	-0.045771	
0.074699	-0.045769	
0.074799	-0.045769	
0.074899	-0.045766	
0.074999	-0.045765	
0.075099	-0.045764	
0.075199	-0.045763	
0.075299	-0.045761	
0.075399	-0.045759	
0.075499	-0.045757	
0.075599	-0.045756	
0.075699	-0.045754	
0.075799	-0.045752	
0.075899	-0.045752	
0.075999	-0.045751	
0.076099	-0.045750	
0.076199	-0.045747	
0.076299	-0.045746	
0.076399	-0.045744	
0.076499	-0.045743	
0.076599	-0.045742	
0.076699	-0.045741	
0.076799	-0.045740	
0.076899	-0.045740	
0.076999	-0.045739	
0.077099	-0.045738	
0.077199	-0.045737	
0.077299	-0.045736	
0.077399	-0.045733	
0.077499	-0.045733	
0.077599	-0.045733	
0.077699	-0.045732	
0.077799	-0.045730	
0.077899	-0.045727	
0.077999	-0.045726	
0.078099	-0.045725	
0.078199	-0.045725	
0.078299	-0.045723	
0.078399	-0.045723	
0.078499	-0.045722	
0.078599	-0.045721	
0.078699	-0.045721	
0.078799	-0.045720	
0.078899	-0.045717	
0.078999	-0.045716	
0.079099	-0.045716	
0.079199	-0.045715	
0.079299	-0.045714	
0.079399	-0.045713	
0.079499	-0.045712	
0.079599	-0.045708	
0.079699	-0.045707	
0.079799	-0.045706	
0.079899	-0.045705	
0.079999	-0.045704	
0.080099	-0.045703	
0.080199	-0.045701	
0.080299	-0.045698	
0.080399	-0.045695	
0.080499	-0.045694	
0.080599	-0.045692	
0.080699	-0.045692	
0.080799	-0.045691	
0.080899	-0.045691	
0.080999	-0.045691	
0.081099	-0.045690	
0.081199	-0.045687	
0.081299	-0.045686	
0.081399	-0.045685	
0.081499	-0.045682	
0.081599	-0.045679	
0.081699	-0.045677	
0.081799	-0.045674	
0.081899	-0.045672	
0.081999	-0.045671	
0.082099	-0.045670	
0.082199	-0.045669	
0.082299	-0.045666	
0.082399	-0.045664	
0.082499	-0.045662	
0.082599	-0.045660	
0.082699	-0.045658	
0.082799	-0.045655	
0.082899	-0.045655	
0.082999	-0.045652	
0.083099	-0.045652	
0.083199	-0.045649	
0.083299	-0.045647	
0.083399	-0.045646	
0.083499	-0.045645	
0.083599	-0.045645	
0.083699	-0.045645	
0.083799	-0.045643	
0.083899	-0.045642	
0.083999	-0.045642	
0.084099	-0.045641	
0.084199	-0.045639	
0.084299	-0.045638	
0.084399	-0.045637	
0.084499	-0.045634	
0.084599	-0.045631	
0.084699	-0.045630	
0.084799	-0.045631	
0.084899	-0.045631	
0.084999	-0.045629	
0.085099	-0.045627	
0.085199	-0.045625	
0.085299	-0.045623	
0.085399	-0.045622	
0.085499	-0.045620	
0.085599	-0.045619	
0.085699	-0.045618	
0.085799	-0.045617	
0.085899	-0.045616	
0.085999	-0.045614	
0.086099	-0.045613	
0.086199	-0.045611	
0.086299	-0.045610	
0.086399	-0.045610	
0.086499	-0.045608	
0.086599	-0.045604	
0.086699	-0.045602	
0.086799	-0.045602	
0.086899	-0.045601	
0.086999	-0.045600	
0.087099	-0.045598	
0.087199	-0.045597	
0.087299	-0.045596	
0.087399	-0.045594	
0.087499	-0.045593	
0.087599	-0.045591	
0.087699	-0.045589	
0.087799	-0.045587	
0.087899	-0.045587	
0.087999	-0.045587	
0.088099	-0.045587	
0.088199	-0.045584	
0.088299	-0.045582	
0.088399	-0.045581	
0.088499	-0.045580	
0.088599	-0.045580	
0.088699	-0.045579	
0.088799	-0.045578	
0.088899	-0.045577	
0.088999	-0.045573	
0.089099	-0.045571	
0.089199	-0.045569	
0.089299	-0.045567	
0.089399	-0.045566	
0.089499	-0.045565	
0.089599	-0.045564	
0.089699	-0.045564	
0.089799	-0.045563	
0.089899	-0.045562	
0.089999	-0.045562	
0.090099	-0.045562	
0.090199	-0.045560	
0.090299	-0.045558	
0.090399	-0.045557	
0.090499	-0.045555	
0.090599	-0.045554	
0.090699	-0.045553	
0.090799	-0.045551	
0.090899	-0.045550	
0.090999	-0.045548	
0.091099	-0.045547	
0.091199	-0.045548	
0.091299	-0.045546	
0.091399	-0.045545	
0.091499	-0.045545	
0.091599	-0.045544	
0.091699	-0.045542	
0.091799	-0.045541	
0.091899	-0.045538	
0.091999	-0.045538	
0.092099	-0.045537	
0.092199	-0.045535	
0.092299	-0.045534	
0.092399	-0.045532	
0.092499	-0.045531	
0.092599	-0.045529	
0.092699	-0.045527	
0.092799	-0.045526	
0.092899	-0.045523	
0.092999	-0.045523	
0.093099	-0.045523	
0.093199	-0.045522	
0.093299	-0.045522	
0.093399	-0.045520	
0.093499	-0.045521	
0.093599	-0.045518	
0.093699	-0.045516	
0.093799	-0.045514	
0.093899	-0.045512	
0.093999	-0.045510	
0.094099	-0.045509	
0.094199	-0.045507	
0.094299	-0.045505	
0.094399	-0.045503	
0.094499	-0.045500	
0.094599	-0.045498	
0.094699	-0.045497	
0.094799	-0.045495	
0.094899	-0.045493	
0.094999	-0.045490	
0.095099	-0.045488	
0.095199	-0.045487	
0.095299	-0.045486	
0.095399	-0.045486	
0.095499	-0.045486	
0.095599	-0.045485	
0.095699	-0.045485	
0.095799	-0.045485	
0.095899	-0.045485	
0.095999	-0.045484	
0.096099	-0.045483	
0.096199	-0.045482	
0.096299	-0.045482	
0.096399	-0.045481	
0.096499	-0.045481	
0.096599	-0.045480	
0.096699	-0.045478	
0.096799	-0.045476	
0.096899	-0.045474	
0.096999	-0.045473	
0.097099	-0.045472	
0.097199	-0.045471	
0.097299	-0.045469	
0.097399	-0.045465	
0.097499	-0.045463	
0.097599	-0.045458	
0.097699	-0.045456	
0.097799	-0.045453	
0.097899	-0.045451	
0.097999	-0.045449	
0.098099	-0.045445	
0.098199	-0.045443	
0.098299	-0.045441	
0.098399	-0.045439	
0.098499	-0.045438	
0.098599	-0.045437	
0.098699	-0.045437	
0.098799	-0.045437	
0.098899	-0.045434	
0.098999	-0.045432	
0.099099	-0.045428	
0.099199	-0.045427	
0.099299	-0.045424	
0.099399	-0.045422	
0.099499	-0.045420	
0.099599	-0.045420	
0.099699	-0.045419	
0.099799	-0.045418	
0.099899	-0.045417	
0.099999	-0.045416	
0.100099	-0.045415	
0.100199	-0.045414	
0.100299	-0.045414	
0.100399	-0.045413	
0.100499	-0.045411	
0.100599	-0.045409	
0.100699	-0.045406	
0.100799	-0.045405	
0.100899	-0.045403	
0.100999	-0.045400	
0.101099	-0.045398	
0.101199	-0.045395	
0.101299	-0.045393	
0.101399	-0.045390	
0.101499	-0.045389	
0.101599	-0.045386	
0.101699	-0.045384	
0.101799	-0.045384	
0.101899	-0.045381	
0.101999	-0.045379	
0.102099	-0.045376	
0.102199	-0.045374	
0.102299	-0.045371	
0.102399	-0.045369	
0.102499	-0.045369	
0.102599	-0.045369	
0.102699	-0.045368	
0.102799	-0.045367	
0.102899	-0.045365	
0.102999	-0.045363	
0.103099	-0.045362	
0.103199	-0.045361	
0.103299	-0.045359	
0.103399	-0.045357	
0.103499	-0.045356	
0.103599	-0.045352	
0.103699	-0.045351	
0.103799	-0.045350	
0.103899	-0.045349	
0.103999	-0.045349	
0.104099	-0.045348	
0.104199	-0.045347	
0.104299	-0.045344	
0.104399	-0.045342	
0.104499	-0.045342	
0.104599	-0.045340	
0.104699	-0.045337	
0.104799	-0.045337	
0.104899	-0.045335	
0.104999	-0.045333	
0.105099	-0.045332	
0.105199	-0.045332	
0.105299	-0.045331	
0.105399	-0.045330	
0.105499	-0.045328	
0.105599	-0.045326	
0.105699	-0.045325	
0.105799	-0.045325	
0.105899	-0.045324	
0.105999	-0.045323	
0.106099	-0.045320	
0.106199	-0.045317	
0.106299	-0.045316	
0.106399	-0.045315	
0.106499	-0.045313	
0.106599	-0.045313	
0.106699	-0.045311	
0.106799	-0.045309	
0.106899	-0.045309	
0.106999	-0.045307	
0.107099	-0.045305	
0.107199	-0.045305	
0.107299	-0.045304	
0.107399	-0.045303	
0.107499	-0.045303	
0.107599	-0.045302	
0.107699	-0.045300	
0.107799	-0.045298	
0.107899	-0.045298	
0.107999	-0.045297	
0.108099	-0.045295	
0.108199	-0.045293	
0.108299	-0.045292	
0.108399	-0.045290	
0.108499	-0.045289	
0.108599	-0.045288	
0.108699	-0.045286	
0.108799	-0.045285	
0.108899	-0.045284	
0.108999	-0.045283	
0.109099	-0.045281	
0.109199	-0.045280	
0.109299	-0.045278	
0.109399	-0.045274	
0.109499	-0.045270	
0.109599	-0.045270	
0.109699	-0.045267	
0.109799	-0.045265	
0.109899	-0.045264	
0.109999	-0.045263	
0.110099	-0.045261	
0.110199	-0.045259	
0.110299	-0.045258	
0.110399	-0.045258	
0.110499	-0.045256	
0.110599	-0.045255	
0.110699	-0.045254	
0.110799	-0.045253	
0.110899	-0.045253	
0.110999	-0.045250	
0.111099	-0.045249	
0.111199	-0.045247	
0.111299	-0.045247	
0.111399	-0.045244	
0.111499	-0.045243	
0.111599	-0.045243	
0.111699	-0.045240	
0.111799	-0.045237	
0.111899	-0.045235	
0.111999	-0.045234	
0.112099	-0.045233	
0.112199	-0.045230	
0.112299	-0.045231	
0.112399	-0.045230	
0.112499	-0.045229	
0.112599	-0.045227	
0.112699	-0.045225	
0.112799	-0.045224	
0.112899	-0.045222	
0.112999	-0.045221	
0.113099	-0.045218	
0.113199	-0.045215	
0.113299	-0.045212	
0.113399	-0.045211	
0.113499	-0.045211	
0.113599	-0.045211	
0.113699	-0.045208	
0.113799	-0.045206	
0.113899	-0.045205	
0.113999	-0.045203	
0.114099	-0.045202	
0.114199	-0.045200	
0.114299	-0.045198	
0.114399	-0.045196	
0.114499	-0.045195	
0.114599	-0.045193	
0.114699	-0.045191	
0.114799	-0.045190	
0.114899	-0.045189	
0.114999	-0.045187	
0.115099	-0.045184	
0.115199	-0.045181	
0.115299	-0.045180	
0.115399	-0.045177	
0.115499	-0.045175	
0.115599	-0.045175	
0.115699	-0.045173	
0.115799	-0.045171	
0.115899	-0.045171	
0.115999	-0.045170	
0.116099	-0.045169	
0.116199	-0.045168	
0.116299	-0.045168	
0.116399	-0.045166	
0.116499	-0.045163	
0.116599	-0.045161	
0.116699	-0.045158	
0.116799	-0.045155	
0.116899	-0.045154	
0.116999	-0.045154	
0.117099	-0.045152	
0.117199	-0.045149	
0.117299	-0.045148	
0.117399	-0.045148	
0.117499	-0.045146	
0.117599	-0.045146	
0.117699	-0.045144	
0.117799	-0.045144	
0.117899	-0.045143	
0.117999	-0.045140	
0.118099	-0.045141	
0.118199	-0.045139	
0.118299	-0.045138	
0.118399	-0.045137	
0.118499	-0.045136	
0.118599	-0.045133	
0.118699	-0.045132	
0.118799	-0.045131	
0.118899	-0.045129	
0.118999	-0.045129	
0.119099	-0.045125	
0.119199	-0.045125	
0.119299	-0.045124	
0.119399	-0.045122	
0.119499	-0.045119	
0.119599	-0.045118	
0.119699	-0.045119	
0.119799	-0.045119	
0.119899	-0.045117	
0.119999	-0.045114	
0.120099	-0.045113	
0.120199	-0.045111	
0.120299	-0.045109	
0.120399	-0.045109	
0.120499	-0.045106	
0.120599	-0.045106	
0.120699	-0.045103	
0.120799	-0.045102	
0.120899	-0.045101	
0.120999	-0.045099	
0.121099	-0.045097	
0.121199	-0.045094	
0.121299	-0.045092	
0.121399	-0.045090	
0.121499	-0.045086	
0.121599	-0.045085	
0.121699	-0.045085	
0.121799	-0.045083	
0.121899	-0.045083	
0.121999	-0.045081	
0.122099	-0.045079	
0.122199	-0.045078	
0.122299	-0.045076	
0.122399	-0.045073	
0.122499	-0.045072	
0.122599	-0.045069	
0.122699	-0.045066	
0.122799	-0.045063	
0.122899	-0.045060	
0.122999	-0.045058	
0.123099	-0.045057	
0.123199	-0.045054	
0.123299	-0.045052	
0.123399	-0.045049	
0.123499	-0.045048	
0.123599	-0.045046	
0.123699	-0.045044	
0.123799	-0.045043	
0.123899	-0.045042	
0.123999	-0.045040	
0.124099	-0.045036	
0.124199	-0.045034	
0.124299	-0.045031	
0.124399	-0.045031	
0.124499	-0.045030	
0.124599	-0.045030	
0.124699	-0.045030	
0.124799	-0.045028	
0.124899	-0.045024	
0.124999	-0.045023	
0.125099	-0.045022	
0.125199	-0.045022	
0.125299	-0.045021	
0.125399	-0.045019	
0.125499	-0.045017	
0.125599	-0.045015	
0.125699	-0.045015	
0.125799	-0.045013	
0.125899	-0.045012	
0.125999	-0.045010	
0.126099	-0.045008	
0.126199	-0.045007	
0.126299	-0.045005	
0.126399	-0.045004	
0.126499	-0.045003	
0.126599	-0.045001	
0.126699	-0.045000	
0.126799	-0.044997	
0.126899	-0.044995	
0.126999	-0.044994	
0.127099	-0.044992	
0.127199	-0.044990	
0.127299	-0.044988	
0.127399	-0.044987	
0.127499	-0.044985	
0.127599	-0.044983	
0.127699	-0.044983	
0.127799	-0.044980	
0.127899	-0.044981	
0.127999	-0.044981	
0.128099	-0.044979	
0.128199	-0.044977	
0.128299	-0.044977	
0.128399	-0.044977	
0.128499	-0.044975	
0.128599	-0.044973	
0.128699	-0.044972	
0.128799	-0.044970	
0.128899	-0.044968	
0.128999	-0.044967	
0.129099	-0.044965	
0.129199	-0.044966	
0.129299	-0.044964	
0.129399	-0.044962	
0.129499	-0.044961	
0.129599	-0.044960	
0.129699	-0.044959	
0.129799	-0.044957	
0.129899	-0.044956	
0.129999	-0.044957	
0.130099	-0.044956	
0.130199	-0.044955	
0.130299	-0.044953	
0.130399	-0.044953	
0.130499	-0.044952	
0.130599	-0.044948	
0.130699	-0.044946	
0.130799	-0.044945	
0.130899	-0.044944	
0.130999	-0.044944	
0.131099	-0.044944	
0.131199	-0.044941	
0.131299	-0.044939	
0.131399	-0.044938	
0.131499	-0.044936	
0.131599	-0.044934	
0.131699	-0.044933	
0.131799	-0.044930	
0.131899	-0.044927	
0.131999	-0.044922	
0.132099	-0.044921	
0.132199	-0.044920	
0.132299	-0.044920	
0.132399	-0.044917	
0.132499	-0.044917	
0.132599	-0.044916	
0.132699	-0.044917	
0.132799	-0.044916	
0.132899	-0.044914	
0.132999	-0.044912	
0.133099	-0.044912	
0.133199	-0.044911	
0.133299	-0.044911	
0.133399	-0.044911	
0.133499	-0.044910	
0.133599	-0.044909	
0.133699	-0.044906	
0.133799	-0.044904	
0.133899	-0.044902	
0.133999	-0.044899	
0.134099	-0.044899	
0.134199	-0.044898	
0.134299	-0.044896	
0.134399	-0.044893	
0.134499	-0.044892	
0.134599	-0.044891	
0.134699	-0.044892	
0.134799	-0.044892	
0.134899	-0.044891	
0.134999	-0.044890	
0.135099	-0.044890	
0.135199	-0.044890	
0.135299	-0.044889	
0.135399	-0.044889	
0.135499	-0.044889	
0.135599	-0.044889	
0.135699	-0.044888	
0.135799	-0.044885	
0.135899	-0.044883	
0.135999	-0.044880	
0.136099	-0.044879	
0.136199	-0.044877	
0.136299	-0.044878	
0.136399	-0.044879	
0.136499	-0.044878	
0.136599	-0.044877	
0.136699	-0.044875	
0.136799	-0.044875	
0.136899	-0.044875	
0.136999	-0.044875	
0.137099	-0.044874	
0.137199	-0.044872	
0.137299	-0.044872	
0.137399	-0.044873	
0.137499	-0.044874	
0.137599	-0.044872	
0.137699	-0.044869	
0.137799	-0.044865	
0.137899	-0.044861	
0.137999	-0.044861	
0.138099	-0.044860	
0.138199	-0.044858	
0.138299	-0.044855	
0.138399	-0.044854	
0.138499	-0.044850	
0.138599	-0.044848	
0.138699	-0.044847	
0.138799	-0.044848	
0.138899	-0.044847	
0.138999	-0.044846	
0.139099	-0.044846	
0.139199	-0.044844	
0.139299	-0.044844	
0.139399	-0.044841	
0.139499	-0.044840	
0.139599	-0.044841	
0.139699	-0.044841	
0.139799	-0.044838	
0.139899	-0.044835	
0.139999	-0.044834	
0.140099	-0.044832	
0.140199	-0.044831	
0.140299	-0.044831	
0.140399	-0.044830	
0.140499	-0.044826	
0.140599	-0.044826	
0.140699	-0.044826	
0.140799	-0.044825	
0.140899	-0.044825	
0.140999	-0.044826	
0.141099	-0.044824	
0.141199	-0.044821	
0.141299	-0.044822	
0.141399	-0.044819	
0.141499	-0.044816	
0.141599	-0.044815	
0.141699	-0.044814	
0.141799	-0.044812	
0.141899	-0.044812	
0.141999	-0.044813	
0.142099	-0.044812	
0.142199	-0.044811	
0.142299	-0.044810	
0.142399	-0.044809	
0.142499	-0.044807	
0.142599	-0.044805	
0.142699	-0.044804	
0.142799	-0.044803	
0.142899	-0.044802	
0.142999	-0.044802	
0.143099	-0.044801	
0.143199	-0.044800	
0.143299	-0.044799	
0.143399	-0.044799	
0.143499	-0.044800	
0.143599	-0.044800	
0.143699	-0.044798	
0.143799	-0.044797	
0.143899	-0.044796	
0.143999	-0.044795	
0.144099	-0.044793	
0.144199	-0.044794	
0.144299	-0.044792	
0.144399	-0.044790	
0.144499	-0.044789	
0.144599	-0.044789	
0.144699	-0.044788	
0.144799	-0.044786	
0.144899	-0.044784	
0.144999	-0.044783	
0.145099	-0.044779	
0.145199	-0.044777	
0.145299	-0.044774	
0.145399	-0.044773	
0.145499	-0.044771	
0.145599	-0.044770	
0.145699	-0.044770	
0.145799	-0.044768	
0.145899	-0.044766	
0.145999	-0.044762	
0.146099	-0.044760	
0.146199	-0.044758	
0.146299	-0.044756	
0.146399	-0.044756	
0.146499	-0.044754	
0.146599	-0.044752	
0.146699	-0.044750	
0.146799	-0.044750	
0.146899	-0.044747	
0.146999	-0.044744	
0.147099	-0.044741	
0.147199	-0.044741	
0.147299	-0.044741	
0.147399	-0.044739	
0.147499	-0.044738	
0.147599	-0.044736	
0.147699	-0.044733	
0.147799	-0.044732	
0.147899	-0.044730	
0.147999	-0.044730	
0.148099	-0.044730	
0.148199	-0.044730	
0.148299	-0.044729	
0.148399	-0.044727	
0.148499	-0.044726	
0.148599	-0.044725	
0.148699	-0.044723	
0.148799	-0.044721	
0.148899	-0.044721	
0.148999	-0.044720	
0.149099	-0.044719	
0.149199	-0.044716	
0.149299	-0.044714	
0.149399	-0.044712	
0.149499	-0.044711	
0.149599	-0.044710	
0.149699	-0.044709	
0.149799	-0.044707	
0.149899	-0.044704	
0.149999	-0.044701	
0.150099	-0.044701	
0.150199	-0.044700	
0.150299	-0.044698	
0.150399	-0.044696	
0.150499	-0.044694	
0.150599	-0.044693	
0.150699	-0.044691	
0.150799	-0.044690	
0.150899	-0.044688	
0.150999	-0.044688	
0.151099	-0.044687	
0.151199	-0.044687	
0.151299	-0.044687	
0.151399	-0.044685	
0.151499	-0.044685	
0.151599	-0.044684	
0.151699	-0.044682	
0.151799	-0.044680	
0.151899	-0.044677	
0.151999	-0.044676	
0.152099	-0.044673	
0.152199	-0.044669	
0.152299	-0.044667	
0.152399	-0.044664	
0.152499	-0.044663	
0.152599	-0.044662	
0.152699	-0.044660	
0.152799	-0.044654	
0.152899	-0.044653	
0.152999	-0.044653	
0.153099	-0.044652	
0.153199	-0.044652	
0.153299	-0.044651	
0.153399	-0.044648	
0.153499	-0.044649	
0.153599	-0.044647	
0.153699	-0.044646	
0.153799	-0.044643	
0.153899	-0.044640	
0.153999	-0.044637	
0.154099	-0.044634	
0.154199	-0.044632	
0.154299	-0.044628	
0.154399	-0.044627	
0.154499	-0.044627	
0.154599	-0.044627	
0.154699	-0.044627	
0.154799	-0.044624	
0.154899	-0.044623	
0.154999	-0.044622	
0.155099	-0.044620	
0.155199	-0.044618	
0.155299	-0.044616	
0.155399	-0.044615	
0.155499	-0.044612	
0.155599	-0.044612	
0.155699	-0.044612	
0.155799	-0.044610	
0.155899	-0.044610	
0.155999	-0.044610	
0.156099	-0.044609	
0.156199	-0.044607	
0.156299	-0.044605	
0.156399	-0.044602	
0.156499	-0.044600	
0.156599	-0.044598	
0.156699	-0.044596	
0.156799	-0.044595	
0.156899	-0.044592	
0.156999	-0.044588	
0.157099	-0.044587	
0.157199	-0.044587	
0.157299	-0.044587	
0.157399	-0.044587	
0.157499	-0.044585	
0.157599	-0.044584	
0.157699	-0.044582	
0.157799	-0.044581	
0.157899	-0.044580	
0.157999	-0.044577	
0.158099	-0.044575	
0.158199	-0.044573	
0.158299	-0.044572	
0.158399	-0.044570	
0.158499	-0.044570	
0.158599	-0.044569	
0.158699	-0.044568	
0.158799	-0.044567	
0.158899	-0.044566	
0.158999	-0.044565	
0.159099	-0.044562	
0.159199	-0.044560	
0.159299	-0.044558	
0.159399	-0.044556	
0.159499	-0.044553	
0.159599	-0.044553	
0.159699	-0.044553	
0.159799	-0.044552	
0.159899	-0.044550	
0.159999	-0.044548	
0.160099	-0.044544	
0.160199	-0.044543	
0.160299	-0.044540	
0.160399	-0.044539	
0.160499	-0.044537	
0.160599	-0.044534	
0.160699	-0.044533	
0.160799	-0.044532	
0.160899	-0.044530	
0.160999	-0.044527	
0.161099	-0.044526	
0.161199	-0.044522	
0.161299	-0.044521	
0.161399	-0.044521	
0.161499	-0.044518	
0.161599	-0.044517	
0.161699	-0.044516	
0.161799	-0.044514	
0.161899	-0.044509	
0.161999	-0.044508	
0.162099	-0.044506	
0.162199	-0.044505	
0.162299	-0.044505	
0.162399	-0.044506	
0.162499	-0.044505	
0.162599	-0.044505	
0.162699	-0.044503	
0.162799	-0.044500	
0.162899	-0.044498	
0.162999	-0.044494	
0.163099	-0.044493	
0.163199	-0.044492	
0.163299	-0.044491	
0.163399	-0.044489	
0.163499	-0.044488	
0.163599	-0.044483	
0.163699	-0.044480	
0.163799	-0.044478	
0.163899	-0.044477	
0.163999	-0.044476	
0.164099	-0.044475	
0.164199	-0.044475	
0.164299	-0.044472	
0.164399	-0.044470	
0.164499	-0.044468	
0.164599	-0.044465	
0.164699	-0.044464	
0.164799	-0.044460	
0.164899	-0.044459	
0.164999	-0.044457	
0.165099	-0.044455	
0.165199	-0.044453	
0.165299	-0.044451	
0.165399	-0.044450	
0.165499	-0.044449	
0.165599	-0.044448	
0.165699	-0.044448	
0.165799	-0.044447	
0.165899	-0.044446	
0.165999	-0.044444	
0.166099	-0.044442	
0.166199	-0.044440	
0.166299	-0.044437	
0.166399	-0.044436	
0.166499	-0.044436	
0.166599	-0.044435	
0.166699	-0.044434	
0.166799	-0.044434	
0.166899	-0.044434	
0.166999	-0.044435	
0.167099	-0.044434	
0.167199	-0.044432	
0.167299	-0.044429	
0.167399	-0.044428	
0.167499	-0.044426	
0.167599	-0.044424	
0.167699	-0.044422	
0.167799	-0.044420	
0.167899	-0.044418	
0.167999	-0.044418	
0.168099	-0.044417	
0.168199	-0.044417	
0.168299	-0.044412	
0.168399	-0.044407	
0.168499	-0.044403	
0.168599	-0.044401	
0.168699	-0.044400	
0.168799	-0.044394	
0.168899	-0.044391	
0.168999	-0.044389	
0.169099	-0.044388	
0.169199	-0.044385	
0.169299	-0.044383	
0.169399	-0.044380	
0.169499	-0.044379	
0.169599	-0.044375	
0.169699	-0.044371	
0.169799	-0.044367	
0.169899	-0.044366	
0.169999	-0.044364	
0.170099	-0.044362	
0.170199	-0.044361	
0.170299	-0.044359	
0.170399	-0.044358	
0.170499	-0.044354	
0.170599	-0.044351	
0.170699	-0.044350	
0.170799	-0.044349	
0.170899	-0.044346	
0.170999	-0.044344	
0.171099	-0.044343	
0.171199	-0.044343	
0.171299	-0.044340	
0.171399	-0.044339	
0.171499	-0.044336	
0.171599	-0.044332	
0.171699	-0.044331	
0.171799	-0.044329	
0.171899	-0.044326	
0.171999	-0.044324	
0.172099	-0.044322	
0.172199	-0.044320	
0.172299	-0.044319	
0.172399	-0.044316	
0.172499	-0.044312	
0.172599	-0.044312	
0.172699	-0.044311	
0.172799	-0.044309	
0.172899	-0.044308	
0.172999	-0.044307	
0.173099	-0.044305	
0.173199	-0.044304	
0.173299	-0.044299	
0.173399	-0.044294	
0.173499	-0.044291	
0.173599	-0.044287	
0.173699	-0.044284	
0.173799	-0.044281	
0.173899	-0.044280	
0.173999	-0.044278	
0.174099	-0.044277	
0.174199	-0.044274	
0.174299	-0.044272	
0.174399	-0.044270	
0.174499	-0.044270	
0.174599	-0.044268	
0.174699	-0.044269	
0.174799	-0.044268	
0.174899	-0.044265	
0.174999	-0.044263	
0.175099	-0.044263	
0.175199	-0.044263	
0.175299	-0.044261	
0.175399	-0.044261	
0.175499	-0.044261	
0.175599	-0.044258	
0.175699	-0.044255	
0.175799	-0.044253	
0.175899	-0.044251	
0.175999	-0.044249	
0.176099	-0.044246	
0.176199	-0.044244	
0.176299	-0.044241	
0.176399	-0.044241	
0.176499	-0.044238	
0.176599	-0.044235	
0.176699	-0.044233	
0.176799	-0.044232	
0.176899	-0.044231	
0.176999	-0.044227	
0.177099	-0.044224	
0.177199	-0.044219	
0.177299	-0.044215	
0.177399	-0.044212	
0.177499	-0.044209	
0.177599	-0.044205	
0.177699	-0.044203	
0.177799	-0.044200	
0.177899	-0.044197	
0.177999	-0.044195	
0.178099	-0.044193	
0.178199	-0.044191	
0.178299	-0.044188	
0.178399	-0.044187	
0.178499	-0.044183	
0.178599	-0.044180	
0.178699	-0.044178	
0.178799	-0.044175	
0.178899	-0.044172	
0.178999	-0.044170	
0.179099	-0.044166	
0.179199	-0.044162	
0.179299	-0.044160	
0.179399	-0.044159	
0.179499	-0.044155	
0.179599	-0.044151	
0.179699	-0.044147	
0.179799	-0.044145	
0.179899	-0.044142	
0.179999	-0.044141	
0.180099	-0.044138	
0.180199	-0.044137	
0.180299	-0.044135	
0.180399	-0.044133	
0.180499	-0.044130	
0.180599	-0.044125	
0.180699	-0.044121	
0.180799	-0.044118	
0.180899	-0.044116	
0.180999	-0.044115	
0.181099	-0.044115	
0.181199	-0.044115	
0.181299	-0.044114	
0.181399	-0.044111	
0.181499	-0.044110	
0.181599	-0.044110	
0.181699	-0.044110	
0.181799	-0.044109	
0.181899	-0.044106	
0.181999	-0.044102	
0.182099	-0.044101	
0.182199	-0.044099	
0.182299	-0.044096	
0.182399	-0.044094	
0.182499	-0.044092	
0.182599	-0.044091	
0.182699	-0.044088	
0.182799	-0.044087	
0.182899	-0.044086	
0.182999	-0.044085	
0.183099	-0.044083	
0.183199	-0.044082	
0.183299	-0.044078	
0.183399	-0.044078	
0.183499	-0.044078	
0.183599	-0.044075	
0.183699	-0.044071	
0.183799	-0.044067	
0.183899	-0.044064	
0.183999	-0.044060	
0.184099	-0.044058	
0.184199	-0.044059	
0.184299	-0.044057	
0.184399	-0.044052	
0.184499	-0.044049	
0.184599	-0.044048	
0.184699	-0.044046	
0.184799	-0.044044	
0.184899	-0.044042	
0.184999	-0.044042	
0.185099	-0.044040	
0.185199	-0.044036	
0.185299	-0.044032	
0.185399	-0.044027	
0.185499	-0.044025	
0.185599	-0.044023	
0.185699	-0.044023	
0.185799	-0.044021	
0.185899	-0.044019	
0.185999	-0.044017	
0.186099	-0.044015	
0.186199	-0.044010	
0.186299	-0.044008	
0.186399	-0.044005	
0.186499	-0.044004	
0.186599	-0.044001	
0.186699	-0.044001	
0.186799	-0.044000	
0.186899	-0.043998	
0.186999	-0.043995	
0.187099	-0.043993	
0.187199	-0.043992	
0.187299	-0.043989	
0.187399	-0.043986	
0.187499	-0.043983	
0.187599	-0.043982	
0.187699	-0.043980	
0.187799	-0.043981	
0.187899	-0.043979	
0.187999	-0.043977	
0.188099	-0.043976	
0.188199	-0.043974	
0.188299	-0.043974	
0.188399	-0.043974	
0.188499	-0.043972	
0.188599	-0.043967	
0.188699	-0.043963	
0.188799	-0.043961	
0.188899	-0.043960	
0.188999	-0.043958	
0.189099	-0.043956	
0.189199	-0.043954	
0.189299	-0.043951	
0.189399	-0.043950	
0.189499	-0.043949	
0.189599	-0.043947	
0.189699	-0.043945	
0.189799	-0.043943	
0.189899	-0.043941	
0.189999	-0.043937	
0.190099	-0.043937	
0.190199	-0.043936	
0.190299	-0.043930	
0.190399	-0.043927	
0.190499	-0.043924	
0.190599	-0.043921	
0.190699	-0.043922	
0.190799	-0.043920	
0.190899	-0.043920	
0.190999	-0.043920	
0.191099	-0.043919	
0.191199	-0.043917	
0.191299	-0.043915	
0.191399	-0.043911	
0.191499	-0.043910	
0.191599	-0.043909	
0.191699	-0.043908	
0.191799	-0.043907	
0.191899	-0.043904	
0.191999	-0.043899	
0.192099	-0.043894	
0.192199	-0.043893	
0.192299	-0.043891	
0.192399	-0.043888	
0.192499	-0.043886	
0.192599	-0.043885	
0.192699	-0.043884	
0.192799	-0.043883	
0.192899	-0.043883	
0.192999	-0.043880	
0.193099	-0.043879	
0.193199	-0.043876	
0.193299	-0.043874	
0.193399	-0.043872	
0.193499	-0.043869	
0.193599	-0.043867	
0.193699	-0.043864	
0.193799	-0.043861	
0.193899	-0.043859	
0.193999	-0.043856	
0.194099	-0.043855	
0.194199	-0.043854	
0.194299	-0.043854	
0.194399	-0.043850	
0.194499	-0.043849	
0.194599	-0.043846	
0.194699	-0.043846	
0.194799	-0.043844	
0.194899	-0.043844	
0.194999	-0.043840	
0.195099	-0.043838	
0.195199	-0.043835	
0.195299	-0.043832	
0.195399	-0.043830	
0.195499	-0.043826	
0.195599	-0.043825	
0.195699	-0.043821	
0.195799	-0.043818	
0.195899	-0.043817	
0.195999	-0.043815	
0.196099	-0.043812	
0.196199	-0.043808	
0.196299	-0.043803	
0.196399	-0.043801	
0.196499	-0.043798	
0.196599	-0.043796	
0.196699	-0.043793	
0.196799	-0.043790	
0.196899	-0.043787	
0.196999	-0.043784	
0.197099	-0.043777	
0.197199	-0.043775	
0.197299	-0.043774	
0.197399	-0.043772	
0.197499	-0.043770	
0.197599	-0.043766	
0.197699	-0.043765	
0.197799	-0.043761	
0.197899	-0.043756	
0.197999	-0.043754	
0.198099	-0.043751	
0.198199	-0.043748	
0.198299	-0.043745	
0.198399	-0.043741	
0.198499	-0.043740	
0.198599	-0.043738	
0.198699	-0.043735	
0.198799	-0.043731	
0.198899	-0.043727	
0.198999	-0.043723	
0.199099	-0.043721	
0.199199	-0.043719	
0.199299	-0.043716	
0.199399	-0.043713	
0.199499	-0.043710	
0.199599	-0.043708	
0.199699	-0.043706	
0.199799	-0.043704	
0.199899	-0.043700	
0.199999	-0.043701	
0.200099	-0.043697	
0.200199	-0.043694	
0.200299	-0.043692	
0.200399	-0.043691	
0.200499	-0.043690	
0.200599	-0.043689	
0.200699	-0.043686	
0.200799	-0.043681	
0.200899	-0.043679	
0.200999	-0.043679	
0.201099	-0.043676	
0.201199	-0.043671	
0.201299	-0.043669	
0.201399	-0.043665	
0.201499	-0.043662	
0.201599	-0.043657	
0.201699	-0.043654	
0.201799	-0.043652	
0.201899	-0.043650	
0.201999	-0.043649	
0.202099	-0.043646	
0.202199	-0.043643	
0.202299	-0.043640	
0.202399	-0.043638	
0.202499	-0.043636	
0.202599	-0.043634	
0.202699	-0.043633	
0.202799	-0.043631	
0.202899	-0.043630	
0.202999	-0.043627	
0.203099	-0.043625	
0.203199	-0.043623	
0.203299	-0.043622	
0.203399	-0.043621	
0.203499	-0.043621	
0.203599	-0.043619	
0.203699	-0.043618	
0.203799	-0.043617	
0.203899	-0.043613	
0.203999	-0.043609	
0.204099	-0.043608	
0.204199	-0.043607	
0.204299	-0.043605	
0.204399	-0.043602	
0.204499	-0.043598	
0.204599	-0.043593	
0.204699	-0.043590	
0.204799	-0.043585	
0.204899	-0.043583	
0.204999	-0.043580	
0.205099	-0.043578	
0.205199	-0.043578	
0.205299	-0.043577	
0.205399	-0.043572	
0.205499	-0.043567	
0.205599	-0.043564	
0.205699	-0.043563	
0.205799	-0.043560	
0.205899	-0.043557	
0.205999	-0.043554	
0.206099	-0.043551	
0.206199	-0.043548	
0.206299	-0.043545	
0.206399	-0.043542	
0.206499	-0.043541	
0.206599	-0.043542	
0.206699	-0.043539	
0.206799	-0.043534	
0.206899	-0.043531	
0.206999	-0.043529	
0.207099	-0.043525	
0.207199	-0.043523	
0.207299	-0.043519	
0.207399	-0.043518	
0.207499	-0.043516	
0.207599	-0.043515	
0.207699	-0.043513	
0.207799	-0.043512	
0.207899	-0.043510	
0.207999	-0.043506	
0.208099	-0.043502	
0.208199	-0.043501	
0.208299	-0.043499	
0.208399	-0.043494	
0.208499	-0.043491	
0.208599	-0.043490	
0.208699	-0.043490	
0.208799	-0.043490	
0.208899	-0.043490	
0.208999	-0.043488	
0.209099	-0.043487	
0.209199	-0.043486	
0.209299	-0.043484	
0.209399	-0.043481	
0.209499	-0.043477	
0.209599	-0.043475	
0.209699	-0.043471	
0.209799	-0.043469	
0.209899	-0.043466	
0.209999	-0.043462	
0.210099	-0.043457	
0.210199	-0.043455	
0.210299	-0.043452	
0.210399	-0.043450	
0.210499	-0.043450	
0.210599	-0.043448	
0.210699	-0.043446	
0.210799	-0.043444	
0.210899	-0.043438	
0.210999	-0.043430	
0.211099	-0.043428	
0.211199	-0.043428	
0.211299	-0.043428	
0.211399	-0.043424	
0.211499	-0.043422	
0.211599	-0.043419	
0.211699	-0.043415	
0.211799	-0.043413	
0.211899	-0.043410	
0.211999	-0.043404	
0.212099	-0.043400	
0.212199	-0.043400	
0.212299	-0.043397	
0.212399	-0.043394	
0.212499	-0.043392	
0.212599	-0.043389	
0.212699	-0.043387	
0.212799	-0.043386	
0.212899	-0.043386	
0.212999	-0.043382	
0.213099	-0.043382	
0.213199	-0.043377	
0.213299	-0.043372	
0.213399	-0.043368	
0.213499	-0.043365	
0.213599	-0.043360	
0.213699	-0.043358	
0.213799	-0.043356	
0.213899	-0.043354	
0.213999	-0.043353	
0.214099	-0.043352	
0.214199	-0.043350	
0.214299	-0.043349	
0.214399	-0.043345	
0.214499	-0.043343	
0.214599	-0.043340	
0.214699	-0.043338	
0.214799	-0.043337	
0.214899	-0.043333	
0.214999	-0.043330	
0.215099	-0.043327	
0.215199	-0.043327	
0.215299	-0.043324	
0.215399	-0.043322	
0.215499	-0.043319	
0.215599	-0.043316	
0.215699	-0.043310	
0.215799	-0.043306	
0.215899	-0.043301	
0.215999	-0.043297	
0.216099	-0.043295	
0.216199	-0.043292	
0.216299	-0.043285	
0.216399	-0.043280	
0.216499	-0.043277	
0.216599	-0.043274	
0.216699	-0.043273	
0.216799	-0.043272	
0.216899	-0.043268	
0.216999	-0.043263	
0.217099	-0.043262	
0.217199	-0.043261	
0.217299	-0.043259	
0.217399	-0.043256	
0.217499	-0.043254	
0.217599	-0.043252	
0.217699	-0.043250	
0.217799	-0.043249	
0.217899	-0.043246	
0.217999	-0.043242	
0.218099	-0.043238	
0.218199	-0.043237	
0.218299	-0.043236	
0.218399	-0.043234	
0.218499	-0.043231	
0.218599	-0.043229	
0.218699	-0.043226	
0.218799	-0.043223	
0.218899	-0.043219	
0.218999	-0.043218	
0.219099	-0.043215	
0.219199	-0.043213	
0.219299	-0.043213	
0.219399	-0.043210	
0.219499	-0.043209	
0.219599	-0.043205	
0.219699	-0.043201	
0.219799	-0.043197	
0.219899	-0.043189	
0.219999	-0.043186	
0.220099	-0.043184	
0.220199	-0.043182	
0.220299	-0.043180	
0.220399	-0.043176	
0.220499	-0.043173	
0.220599	-0.043171	
0.220699	-0.043166	
0.220799	-0.043163	
0.220899	-0.043161	
0.220999	-0.043159	
0.221099	-0.043154	
0.221199	-0.043149	
0.221299	-0.043146	
0.221399	-0.043143	
0.221499	-0.043139	
0.221599	-0.043136	
0.221699	-0.043133	
0.221799	-0.043128	
0.221899	-0.043124	
0.221999	-0.043121	
0.222099	-0.043118	
0.222199	-0.043115	
0.222299	-0.043113	
0.222399	-0.043110	
0.222499	-0.043106	
0.222599	-0.043102	
0.222699	-0.043096	
0.222799	-0.043092	
0.222899	-0.043089	
0.222999	-0.043085	
0.223099	-0.043082	
0.223199	-0.043080	
0.223299	-0.043078	
0.223399	-0.043077	
0.223499	-0.043074	
0.223599	-0.043070	
0.223699	-0.043066	
0.223799	-0.043065	
0.223899	-0.043060	
0.223999	-0.043056	
0.224099	-0.043055	
0.224199	-0.043054	
0.224299	-0.043053	
0.224399	-0.043052	
0.224499	-0.043050	
0.224599	-0.043049	
0.224699	-0.043046	
0.224799	-0.043043	
0.224899	-0.043040	
0.224999	-0.043035	
0.225099	-0.043032	
0.225199	-0.043029	
0.225299	-0.043027	
0.225399	-0.043024	
0.225499	-0.043023	
0.225599	-0.043022	
0.225699	-0.043019	
0.225799	-0.043015	
0.225899	-0.043013	
0.225999	-0.043010	
0.226099	-0.043008	
0.226199	-0.043002	
0.226299	-0.042999	
0.226399	-0.042996	
0.226499	-0.042992	
0.226599	-0.042987	
0.226699	-0.042985	
0.226799	-0.042981	
0.226899	-0.042977	
0.226999	-0.042974	
0.227099	-0.042973	
0.227199	-0.042970	
0.227299	-0.042967	
0.227399	-0.042964	
0.227499	-0.042964	
0.227599	-0.042958	
0.227699	-0.042956	
0.227799	-0.042957	
0.227899	-0.042956	
0.227999	-0.042955	
0.228099	-0.042950	
0.228199	-0.042949	
0.228299	-0.042946	
0.228399	-0.042941	
0.228499	-0.042935	
0.228599	-0.042932	
0.228699	-0.042930	
0.228799	-0.042928	
0.228899	-0.042925	
0.228999	-0.042922	
0.229099	-0.042918	
0.229199	-0.042915	
0.229299	-0.042913	
0.229399	-0.042906	
0.229499	-0.042902	
0.229599	-0.042899	
0.229699	-0.042897	
0.229799	-0.042895	
0.229899	-0.042893	
0.229999	-0.042892	
0.230099	-0.042889	
0.230199	-0.042884	
0.230299	-0.042883	
0.230399	-0.042881	
0.230499	-0.042877	
0.230599	-0.042874	
0.230699	-0.042871	
0.230799	-0.042866	
0.230899	-0.042866	
0.230999	-0.042864	
0.231099	-0.042859	
0.231199	-0.042854	
0.231299	-0.042851	
0.231399	-0.042846	
0.231499	-0.042841	
0.231599	-0.042836	
0.231699	-0.042832	
0.231799	-0.042827	
0.231899	-0.042824	
0.231999	-0.042820	
0.232099	-0.042817	
0.232199	-0.042813	
0.232299	-0.042810	
0.232399	-0.042807	
0.232499	-0.042805	
0.232599	-0.042803	
0.232699	-0.042799	
0.232799	-0.042797	
0.232899	-0.042796	
0.232999	-0.042794	
0.233099	-0.042791	
0.233199	-0.042785	
0.233299	-0.042779	
0.233399	-0.042777	
0.233499	-0.042771	
0.233599	-0.042767	
0.233699	-0.042764	
0.233799	-0.042764	
0.233899	-0.042762	
0.233999	-0.042759	
0.234099	-0.042756	
0.234199	-0.042755	
0.234299	-0.042752	
0.234399	-0.042748	
0.234499	-0.042745	
0.234599	-0.042741	
0.234699	-0.042737	
0.234799	-0.042736	
0.234899	-0.042732	
0.234999	-0.042730	
0.235099	-0.042727	
0.235199	-0.042724	
0.235299	-0.042723	
0.235399	-0.042721	
0.235499	-0.042716	
0.235599	-0.042710	
0.235699	-0.042707	
0.235799	-0.042704	
0.235899	-0.042699	
0.235999	-0.042696	
0.236099	-0.042692	
0.236199	-0.042688	
0.236299	-0.042686	
0.236399	-0.042686	
0.236499	-0.042682	
0.236599	-0.042677	
0.236699	-0.042674	
0.236799	-0.042671	
0.236899	-0.042666	
0.236999	-0.042663	
0.237099	-0.042660	
0.237199	-0.042656	
0.237299	-0.042653	
0.237399	-0.042651	
0.237499	-0.042648	
0.237599	-0.042647	
0.237699	-0.042641	
0.237799	-0.042639	
0.237899	-0.042631	
0.237999	-0.042628	
0.238099	-0.042627	
0.238199	-0.042620	
0.238299	-0.042616	
0.238399	-0.042610	
0.238499	-0.042604	
0.238599	-0.042600	
0.238699	-0.042597	
0.238799	-0.042596	
0.238899	-0.042591	
0.238999	-0.042589	
0.239099	-0.042588	
0.239199	-0.042585	
0.239299	-0.042581	
0.239399	-0.042579	
0.239499	-0.042576	
0.239599	-0.042575	
0.239699	-0.042573	
0.239799	-0.042568	
0.239899	-0.042560	
0.239999	-0.042554	
0.240099	-0.042552	
0.240199	-0.042549	
0.240299	-0.042544	
0.240399	-0.042542	
0.240499	-0.042535	
0.240599	-0.042529	
0.240699	-0.042525	
0.240799	-0.042524	
0.240899	-0.042518	
0.240999	-0.042513	
0.241099	-0.042508	
0.241199	-0.042502	
0.241299	-0.042498	
0.241399	-0.042494	
0.241499	-0.042488	
0.241599	-0.042486	
0.241699	-0.042480	
0.241799	-0.042476	
0.241899	-0.042472	
0.241999	-0.042469	
0.242099	-0.042467	
0.242199	-0.042468	
0.242299	-0.042467	
0.242399	-0.042463	
0.242499	-0.042458	
0.242599	-0.042454	
0.242699	-0.042453	
0.242799	-0.042451	
0.242899	-0.042450	
0.242999	-0.042446	
0.243099	-0.042441	
0.243199	-0.042436	
0.243299	-0.042430	
0.243399	-0.042422	
0.243499	-0.042416	
0.243599	-0.042413	
0.243699	-0.042410	
0.243799	-0.042403	
0.243899	-0.042399	
0.243999	-0.042396	
0.244099	-0.042391	
0.244199	-0.042387	
0.244299	-0.042381	
0.244399	-0.042375	
0.244499	-0.042371	
0.244599	-0.042367	
0.244699	-0.042360	
0.244799	-0.042357	
0.244899	-0.042355	
0.244999	-0.042348	
0.245099	-0.042344	
0.245199	-0.042340	
0.245299	-0.042333	
0.245399	-0.042328	
0.245499	-0.042323	
0.245599	-0.042320	
0.245699	-0.042316	
0.245799	-0.042311	
0.245899	-0.042304	
0.245999	-0.042299	
0.246099	-0.042294	
0.246199	-0.042291	
0.246299	-0.042284	
0.246399	-0.042281	
0.246499	-0.042278	
0.246599	-0.042274	
0.246699	-0.042269	
0.246799	-0.042262	
0.246899	-0.042254	
0.246999	-0.042250	
0.247099	-0.042245	
0.247199	-0.042238	
0.247299	-0.042233	
0.247399	-0.042228	
0.247499	-0.042226	
0.247599	-0.042224	
0.247699	-0.042218	
0.247799	-0.042213	
0.247899	-0.042208	
0.247999	-0.042202	
0.248099	-0.042196	
0.248199	-0.042192	
0.248299	-0.042191	
0.248399	-0.042187	
0.248499	-0.042182	
0.248599	-0.042177	
0.248699	-0.042172	
0.248799	-0.042165	
0.248899	-0.042160	
0.248999	-0.042156	
0.249099	-0.042153	
0.249199	-0.042149	
0.249299	-0.042145	
0.249399	-0.042140	
0.249499	-0.042137	
0.249599	-0.042130	
0.249699	-0.042125	
0.249799	-0.042120	
0.249899	-0.042112	
0.249999	-0.042104	
0.250099	-0.042098	
0.250199	-0.042090	
0.250299	-0.042085	
0.250399	-0.042083	
0.250499	-0.042081	
0.250599	-0.042076	
0.250699	-0.042070	
0.250799	-0.042065	
0.250899	-0.042060	
0.250999	-0.042055	
0.251099	-0.042050	
0.251199	-0.042047	
0.251299	-0.042041	
0.251399	-0.042037	
0.251499	-0.042032	
0.251599	-0.042027	
0.251699	-0.042023	
0.251799	-0.042016	
0.251899	-0.042011	
0.251999	-0.042007	
0.252099	-0.041999	
0.252199	-0.041995	
0.252299	-0.041991	
0.252399	-0.041984	
0.252499	-0.041978	
0.252599	-0.041973	
0.252699	-0.041965	
0.252799	-0.041962	
0.252899	-0.041960	
0.252999	-0.041954	
0.253099	-0.041948	
0.253199	-0.041939	
0.253299	-0.041931	
0.253399	-0.041922	
0.253499	-0.041917	
0.253599	-0.041909	
0.253699	-0.041907	
0.253799	-0.041902	
0.253899	-0.041898	
0.253999	-0.041893	
0.254099	-0.041883	
0.254199	-0.041877	
0.254299	-0.041873	
0.254399	-0.041867	
0.254499	-0.041858	
0.254599	-0.041851	
0.254699	-0.041844	
0.254799	-0.041841	
0.254899	-0.041834	
0.254999	-0.041828	
0.255099	-0.041825	
0.255199	-0.041820	
0.255299	-0.041814	
0.255399	-0.041805	
0.255499	-0.041802	
0.255599	-0.041795	
0.255699	-0.041788	
0.255799	-0.041779	
0.255899	-0.041774	
0.255999	-0.041767	
0.256099	-0.041763	
0.256199	-0.041757	
0.256299	-0.041748	
0.256399	-0.041741	
0.256499	-0.041737	
0.256599	-0.041731	
0.256699	-0.041727	
0.256799	-0.041720	
0.256899	-0.041714	
0.256999	-0.041711	
0.257099	-0.041704	
0.257199	-0.041698	
0.257299	-0.041691	
0.257399	-0.041687	
0.257499	-0.041682	
0.257599	-0.041677	
0.257699	-0.041669	
0.257799	-0.041660	
0.257899	-0.041655	
0.257999	-0.041650	
0.258099	-0.041645	
0.258199	-0.041641	
0.258299	-0.041637	
0.258399	-0.041631	
0.258499	-0.041621	
0.258599	-0.041615	
0.258699	-0.041607	
0.258799	-0.041600	
0.258899	-0.041593	
0.258999	-0.041584	
0.259099	-0.041571	
0.259199	-0.041562	
0.259299	-0.041553	
0.259399	-0.041544	
0.259499	-0.041537	
0.259599	-0.041531	
0.259699	-0.041524	
0.259799	-0.041517	
0.259899	-0.041510	
0.259999	-0.041502	
0.260099	-0.041492	
0.260199	-0.041484	
0.260299	-0.041472	
0.260399	-0.041465	
0.260499	-0.041462	
0.260599	-0.041455	
0.260699	-0.041449	
0.260799	-0.041440	
0.260899	-0.041434	
0.260999	-0.041430	
0.261099	-0.041424	
0.261199	-0.041418	
0.261299	-0.041411	
0.261399	-0.041403	
0.261499	-0.041395	
0.261599	-0.041387	
0.261699	-0.041382	
0.261799	-0.041378	
0.261899	-0.041370	
0.261999	-0.041362	
0.262099	-0.041355	
0.262199	-0.041349	
0.262299	-0.041344	
0.262399	-0.041337	
0.262499	-0.041329	
0.262599	-0.041321	
0.262699	-0.041311	
0.262799	-0.041302	
0.262899	-0.041299	
0.262999	-0.041293	
0.263099	-0.041284	
0.263199	-0.041273	
0.263299	-0.041264	
0.263399	-0.041259	
0.263499	-0.041258	
0.263599	-0.041252	
0.263699	-0.041247	
0.263799	-0.041238	
0.263899	-0.041230	
0.263999	-0.041223	
0.264099	-0.041213	
0.264199	-0.041202	
0.264299	-0.041195	
0.264399	-0.041185	
0.264499	-0.041174	
0.264599	-0.041166	
0.264699	-0.041161	
0.264799	-0.041157	
0.264899	-0.041153	
0.264999	-0.041147	
0.265099	-0.041136	
0.265199	-0.041131	
0.265299	-0.041126	
0.265399	-0.041117	
0.265499	-0.041109	
0.265599	-0.041098	
0.265699	-0.041089	
0.265799	-0.041081	
0.265899	-0.041072	
0.265999	-0.041064	
0.266099	-0.041057	
0.266199	-0.041049	
0.266299	-0.041044	
0.266399	-0.041032	
0.266499	-0.041024	
0.266599	-0.041017	
0.266699	-0.041006	
0.266799	-0.040993	
0.266899	-0.040986	
0.266999	-0.040978	
0.267099	-0.040968	
0.267199	-0.040956	
0.267299	-0.040945	
0.267399	-0.040938	
0.267499	-0.040929	
0.267599	-0.040921	
0.267699	-0.040917	
0.267799	-0.040909	
0.267899	-0.040901	
0.267999	-0.040892	
0.268099	-0.040878	
0.268199	-0.040869	
0.268299	-0.040859	
0.268399	-0.040850	
0.268499	-0.040841	
0.268599	-0.040831	
0.268699	-0.040823	
0.268799	-0.040812	
0.268899	-0.040799	
0.268999	-0.040787	
0.269099	-0.040775	
0.269199	-0.040765	
0.269299	-0.040754	
0.269399	-0.040745	
0.269499	-0.040734	
0.269599	-0.040724	
0.269699	-0.040715	
0.269799	-0.040704	
0.269899	-0.040691	
0.269999	-0.040677	
0.270099	-0.040668	
0.270199	-0.040656	
0.270299	-0.040645	
0.270399	-0.040636	
0.270499	-0.040628	
0.270599	-0.040618	
0.270699	-0.040609	
0.270799	-0.040603	
0.270899	-0.040593	
0.270999	-0.040584	
0.271099	-0.040575	
0.271199	-0.040565	
0.271299	-0.040557	
0.271399	-0.040546	
0.271499	-0.040535	
0.271599	-0.040524	
0.271699	-0.040514	
0.271799	-0.040500	
0.271899	-0.040487	
0.271999	-0.040477	
0.272099	-0.040469	
0.272199	-0.040460	
0.272299	-0.040448	
0.272399	-0.040435	
0.272499	-0.040427	
0.272599	-0.040421	
0.272699	-0.040413	
0.272799	-0.040401	
0.272899	-0.040389	
0.272999	-0.040382	
0.273099	-0.040371	
0.273199	-0.040357	
0.273299	-0.040342	
0.273399	-0.040334	
0.273499	-0.040320	
0.273599	-0.040308	
0.273699	-0.040295	
0.273799	-0.040286	
0.273899	-0.040276	
0.273999	-0.040262	
0.274099	-0.040251	
0.274199	-0.040237	
0.274299	-0.040225	
0.274399	-0.040210	
0.274499	-0.040200	
0.274599	-0.040185	
0.274699	-0.040167	
0.274799	-0.040154	
0.274899	-0.040142	
0.274999	-0.040130	
0.275099	-0.040118	
0.275199	-0.040108	
0.275299	-0.040095	
0.275399	-0.040081	
0.275499	-0.040068	
0.275599	-0.040051	
0.275699	-0.040040	
0.275799	-0.040027	
0.275899	-0.040011	
0.275999	-0.039997	
0.276099	-0.039981	
0.276199	-0.039968	
0.276299	-0.039953	
0.276399	-0.039938	
0.276499	-0.039926	
0.276599	-0.039908	
0.276699	-0.039896	
0.276799	-0.039881	
0.276899	-0.039864	
0.276999	-0.039848	
0.277099	-0.039834	
0.277199	-0.039820	
0.277299	-0.039801	
0.277399	-0.039785	
0.277499	-0.039769	
0.277599	-0.039754	
0.277699	-0.039739	
0.277799	-0.039722	
0.277899	-0.039704	
0.277999	-0.039685	
0.278099	-0.039666	
0.278199	-0.039645	
0.278299	-0.039622	
0.278399	-0.039599	
0.278499	-0.039577	
0.278599	-0.039556	
0.278699	-0.039537	
0.278799	-0.039513	
0.278899	-0.039492	
0.278999	-0.039478	
0.279099	-0.039468	
0.279199	-0.039457	
0.279299	-0.039443	
0.279399	-0.039428	
0.279499	-0.039413	
0.279599	-0.039395	
0.279699	-0.039376	
0.279799	-0.039360	
0.279899	-0.039339	
0.279999	-0.039320	
0.280099	-0.039296	
0.280199	-0.039276	
0.280299	-0.039249	
0.280399	-0.039227	
0.280499	-0.039201	
0.280599	-0.039186	
0.280699	-0.039167	
0.280799	-0.039144	
0.280899	-0.039127	
0.280999	-0.039102	
0.281099	-0.039080	
0.281199	-0.039062	
0.281299	-0.039043	
0.281399	-0.039025	
0.281499	-0.039006	
0.281599	-0.038984	
0.281699	-0.038956	
0.281799	-0.038929	
0.281899	-0.038900	
0.281999	-0.038874	
0.282099	-0.038845	
0.282199	-0.038818	
0.282299	-0.038789	
0.282399	-0.038761	
0.282499	-0.038739	
0.282599	-0.038714	
0.282699	-0.038688	
0.282799	-0.038659	
0.282899	-0.038628	
0.282999	-0.038600	
0.283099	-0.038577	
0.283199	-0.038550	
0.283299	-0.038524	
0.283399	-0.038494	
0.283499	-0.038465	
0.283599	-0.038436	
0.283699	-0.038407	
0.283799	-0.038380	
0.283899	-0.038348	
0.283999	-0.038322	
0.284099	-0.038294	
0.284199	-0.038265	
0.284299	-0.038233	
0.284399	-0.038201	
0.284499	-0.038171	
0.284599	-0.038143	
0.284699	-0.038113	
0.284799	-0.038077	
0.284899	-0.038042	
0.284999	-0.038014	
0.285099	-0.037984	
0.285199	-0.037948	
0.285299	-0.037911	
0.285399	-0.037878	
0.285499	-0.037844	
0.285599	-0.037813	
0.285699	-0.037774	
0.285799	-0.037732	
0.285899	-0.037695	
0.285999	-0.037659	
0.286099	-0.037615	
0.286199	-0.037569	
0.286299	-0.037525	
0.286399	-0.037486	
0.286499	-0.037442	
0.286599	-0.037396	
0.286699	-0.037350	
0.286799	-0.037314	
0.286899	-0.037271	
0.286999	-0.037224	
0.287099	-0.037176	
0.287199	-0.037123	
0.287299	-0.037076	
0.287399	-0.037021	
0.287499	-0.036964	
0.287599	-0.036905	
0.287699	-0.036851	
0.287799	-0.036804	
0.287899	-0.036752	
0.287999	-0.036701	
0.288099	-0.036644	
0.288199	-0.036590	
0.288299	-0.036540	
0.288399	-0.036474	
0.288499	-0.036411	
0.288599	-0.036342	
0.288699	-0.036277	
0.288799	-0.036216	
0.288899	-0.036152	
0.288999	-0.036085	
0.289099	-0.036016	
0.289199	-0.035949	
0.289299	-0.035873	
0.289399	-0.035787	
0.289499	-0.035706	
0.289599	-0.035622	
0.289699	-0.035528	
0.289799	-0.035448	
0.289899	-0.035363	
0.289999	-0.035267	
0.290099	-0.035166	
0.290199	-0.035062	
0.290299	-0.034965	
0.290399	-0.034862	
0.290499	-0.034752	
0.290599	-0.034636	
0.290699	-0.034515	
0.290799	-0.034398	
0.290899	-0.034287	
0.290999	-0.034160	
0.291099	-0.034036	
0.291199	-0.033901	
0.291299	-0.033765	
0.291399	-0.033629	
0.291499	-0.033483	
0.291599	-0.033330	
0.291699	-0.033170	
0.291799	-0.033007	
0.291899	-0.032839	
0.291999	-0.032659	
0.292099	-0.032468	
0.292199	-0.032275	
0.292299	-0.032070	
0.292399	-0.031851	
0.292499	-0.031620	
0.292599	-0.031387	
0.292699	-0.031140	
0.292799	-0.030888	
0.292899	-0.030612	
0.292999	-0.030320	
0.293099	-0.029993	
0.293199	-0.029647	
0.293299	-0.029271	
0.293399	-0.028861	
0.293499	-0.028441	
0.293599	-0.027957	
0.293699	-0.027423	
0.293799	-0.026858	
0.293899	-0.026242	
0.293999	-0.025595	
0.294099	-0.024880	
0.294199	-0.024098	
0.294299	-0.023258	
0.294399	-0.022346	
0.294499	-0.021344	
0.294599	-0.020253	
0.294699	-0.019046	
0.294799	-0.017764	
0.294899	-0.016396	
0.294999	-0.014991	
0.295099	-0.013513	
0.295199	-0.011982	
0.295299	-0.010424	
0.295399	-0.008840	
0.295499	-0.007248	
0.295599	-0.005672	
0.295699	-0.004125	
0.295799	-0.002607	
0.295899	-0.001132	
0.295999	0.000304	
0.296099	0.001700	
0.296199	0.003061	
0.296299	0.004378	
0.296399	0.005652	
0.296499	0.006882	
0.296599	0.008069	
0.296699	0.009213	
0.296799	0.010318	
0.296899	0.011384	
0.296999	0.012410	
0.297099	0.013400	
0.297199	0.014355	
0.297299	0.015275	
0.297399	0.016163	
0.297499	0.017018	
0.297599	0.017841	
0.297699	0.018634	
0.297799	0.019396	
0.297899	0.020130	
0.297999	0.020837	
0.298099	0.021518	
0.298199	0.022174	
0.298299	0.022806	
0.298399	0.023416	
0.298499	0.024003	
0.298599	0.024569	
0.298699	0.025113	
0.298799	0.025637	
0.298899	0.026141	
0.298999	0.026628	
0.299099	0.027097	
0.299199	0.027550	
0.299299	0.027986	
0.299399	0.028406	
0.299499	0.028812	
0.299599	0.029204	
0.299699	0.029582	
0.299799	0.029946	
0.299899	0.030297	
0.299999	0.030635	
0.300099	0.030961	
0.300199	0.031275	
0.300299	0.031577	
0.300399	0.031870	
0.300499	0.032151	
0.300599	0.032422	
0.300699	0.032683	
0.300799	0.032936	
0.300899	0.033179	
0.300999	0.033414	
0.301099	0.033640	
0.301199	0.033858	
0.301299	0.034069	
0.301399	0.034271	
0.301499	0.034467	
0.301599	0.034655	
0.301699	0.034836	
0.301799	0.035011	
0.301899	0.035180	
0.301999	0.035342	
0.302099	0.035499	
0.302199	0.035650	
0.302299	0.035796	
0.302399	0.035937	
0.302499	0.036073	
0.302599	0.036204	
0.302699	0.036330	
0.302799	0.036452	
0.302899	0.036570	
0.302999	0.036683	
0.303099	0.036793	
0.303199	0.036899	
0.303299	0.037001	
0.303399	0.037099	
0.303499	0.037194	
0.303599	0.037286	
0.303699	0.037374	
0.303799	0.037459	
0.303899	0.037541	
0.303999	0.037620	
0.304099	0.037696	
0.304199	0.037768	
0.304299	0.037839	
0.304399	0.037906	
0.304499	0.037972	
0.304599	0.038034	
0.304699	0.038095	
0.304799	0.038153	
0.304899	0.038210	
0.304999	0.038264	
0.305099	0.038316	
0.305199	0.038366	
0.305299	0.038414	
0.305399	0.038460	
0.305499	0.038504	
0.305599	0.038546	
0.305699	0.038587	
0.305799	0.038626	
0.305899	0.038664	
0.305999	0.038701	
0.306099	0.038736	
0.306199	0.038769	
0.306299	0.038801	
0.306399	0.038831	
0.306499	0.038860	
0.306599	0.038888	
0.306699	0.038915	
0.306799	0.038940	
0.306899	0.038965	
0.306999	0.038988	
0.307099	0.039010	
0.307199	0.039032	
0.307299	0.039052	
0.307399	0.039072	
0.307499	0.039090	
0.307599	0.039107	
0.307699	0.039123	
0.307799	0.039138	
0.307899	0.039153	
0.307999	0.039166	
0.308099	0.039179	
0.308199	0.039192	
0.308299	0.039203	
0.308399	0.039214	
0.308499	0.039224	
0.308599	0.039233	
0.308699	0.039241	
0.308799	0.039249	
0.308899	0.039256	
0.308999	0.039263	
0.309099	0.039270	
0.309199	0.039276	
0.309299	0.039281	
0.309399	0.039285	
0.309499	0.039290	
0.309599	0.039293	
0.309699	0.039297	
0.309799	0.039300	
0.309899	0.039302	
0.309999	0.039304	
0.310099	0.039306	
0.310199	0.039307	
0.310299	0.039309	
0.310399	0.039309	
0.310499	0.039310	
0.310599	0.039311	
0.310699	0.039310	
0.310799	0.039310	
0.310899	0.039309	
0.310999	0.039308	
0.311099	0.039307	
0.311199	0.039305	
0.311299	0.039304	
0.311399	0.039302	
0.311499	0.039300	
0.311599	0.039297	
0.311699	0.039294	
0.311799	0.039292	
0.311899	0.039289	
0.311999	0.039286	
0.312099	0.039282	
0.312199	0.039278	
0.312299	0.039274	
0.312399	0.039269	
0.312499	0.039264	
0.312599	0.039259	
0.312699	0.039253	
0.312799	0.039248	
0.312899	0.039242	
0.312999	0.039236	
0.313099	0.039230	
0.313199	0.039223	
0.313299	0.039216	
0.313399	0.039209	
0.313499	0.039202	
0.313599	0.039194	
0.313699	0.039186	
0.313799	0.039178	
0.313899	0.039170	
0.313999	0.039163	
0.314099	0.039154	
0.314199	0.039146	
0.314299	0.039138	
0.314399	0.039130	
0.314499	0.039121	
0.314599	0.039112	
0.314699	0.039103	
0.314799	0.039094	
0.314899	0.039085	
0.314999	0.039076	
0.315099	0.039067	
0.315199	0.039057	
0.315299	0.039047	
0.315399	0.039037	
0.315499	0.039027	
0.315599	0.039016	
0.315699	0.039005	
0.315799	0.038994	
0.315899	0.038983	
0.315999	0.038971	
0.316099	0.038959	
0.316199	0.038947	
0.316299	0.038935	
0.316399	0.038923	
0.316499	0.038911	
0.316599	0.038898	
0.316699	0.038886	
0.316799	0.038874	
0.316899	0.038862	
0.316999	0.038849	
0.317099	0.038837	
0.317199	0.038824	
0.317299	0.038812	
0.317399	0.038799	
0.317499	0.038787	
0.317599	0.038774	
0.317699	0.038761	
0.317799	0.038748	
0.317899	0.038735	
0.317999	0.038722	
0.318099	0.038708	
0.318199	0.038694	
0.318299	0.038680	
0.318399	0.038666	
0.318499	0.038652	
0.318599	0.038637	
0.318699	0.038623	
0.318799	0.038608	
0.318899	0.038593	
0.318999	0.038578	
0.319099	0.038563	
0.319199	0.038548	
0.319299	0.038533	
0.319399	0.038518	
0.319499	0.038503	
0.319599	0.038487	
0.319699	0.038471	
0.319799	0.038455	
0.319899	0.038439	
0.319999	0.038423	
0.320099	0.038406	
0.320199	0.038390	
0.320299	0.038373	
0.320399	0.038356	
0.320499	0.038339	
0.320599	0.038322	
0.320699	0.038305	
0.320799	0.038288	
0.320899	0.038271	
0.320999	0.038254	
0.321099	0.038238	
0.321199	0.038221	
0.321299	0.038203	
0.321399	0.038186	
0.321499	0.038169	
0.321599	0.038152	
0.321699	0.038135	
0.321799	0.038117	
0.321899	0.038100	
0.321999	0.038082	
0.322099	0.038065	
0.322199	0.038047	
0.322299	0.038030	
0.322399	0.038013	
0.322499	0.037996	
0.322599	0.037978	
0.322699	0.037960	
0.322799	0.037943	
0.322899	0.037925	
0.322999	0.037907	
0.323099	0.037889	
0.323199	0.037872	
0.323299	0.037854	
0.323399	0.037836	
0.323499	0.037818	
0.323599	0.037801	
0.323699	0.037783	
0.323799	0.037765	
0.323899	0.037748	
0.323999	0.037730	
0.324099	0.037712	
0.324199	0.037694	
0.324299	0.037675	
0.324399	0.037657	
0.324499	0.037638	
0.324599	0.037620	
0.324699	0.037602	
0.324799	0.037584	
0.324899	0.037565	
0.324999	0.037546	
0.325099	0.037527	
0.325199	0.037508	
0.325299	0.037489	
0.325399	0.037470	
0.325499	0.037450	
0.325599	0.037431	
0.325699	0.037411	
0.325799	0.037391	
0.325899	0.037371	
0.325999	0.037351	
0.326099	0.037331	
0.326199	0.037311	
0.326299	0.037291	
0.326399	0.037272	
0.326499	0.037251	
0.326599	0.037231	
0.326699	0.037211	
0.326799	0.037190	
0.326899	0.037170	
0.326999	0.037150	
0.327099	0.037130	
0.327199	0.037110	
0.327299	0.037090	
0.327399	0.037070	
0.327499	0.037050	
0.327599	0.037030	
0.327699	0.037010	
0.327799	0.036990	
0.327899	0.036970	
0.327999	0.036950	
0.328099	0.036931	
0.328199	0.036911	
0.328299	0.036892	
0.328399	0.036872	
0.328499	0.036852	
0.328599	0.036833	
0.328699	0.036813	
0.328799	0.036794	
0.328899	0.036775	
0.328999	0.036755	
0.329099	0.036736	
0.329199	0.036717	
0.329299	0.036698	
0.329399	0.036678	
0.329499	0.036659	
0.329599	0.036639	
0.329699	0.036620	
0.329799	0.036600	
0.329899	0.036580	
0.329999	0.036560	
0.330099	0.036540	
0.330199	0.036519	
0.330299	0.036499	
0.330399	0.036479	
0.330499	0.036459	
0.330599	0.036439	
0.330699	0.036419	
0.330799	0.036399	
0.330899	0.036379	
0.330999	0.036359	
0.331099	0.036338	
0.331199	0.036317	
0.331299	0.036297	
0.331399	0.036276	
0.331499	0.036255	
0.331599	0.036234	
0.331699	0.036213	
0.331799	0.036192	
0.331899	0.036171	
0.331999	0.036149	
0.332099	0.036128	
0.332199	0.036106	
0.332299	0.036084	
0.332399	0.036063	
0.332499	0.036041	
0.332599	0.036019	
0.332699	0.035997	
0.332799	0.035974	
0.332899	0.035952	
0.332999	0.035930	
0.333099	0.035907	
0.333199	0.035885	
0.333299	0.035863	
0.333399	0.035840	
0.333499	0.035818	
0.333599	0.035796	
0.333699	0.035774	
0.333799	0.035753	
0.333899	0.035731	
0.333999	0.035709	
0.334099	0.035688	
0.334199	0.035666	
0.334299	0.035645	
0.334399	0.035623	
0.334499	0.035602	
0.334599	0.035580	
0.334699	0.035559	
0.334799	0.035538	
0.334899	0.035516	
0.334999	0.035495	
0.335099	0.035474	
0.335199	0.035452	
0.335299	0.035430	
0.335399	0.035409	
0.335499	0.035387	
0.335599	0.035365	
0.335699	0.035343	
0.335799	0.035321	
0.335899	0.035299	
0.335999	0.035278	
0.336099	0.035256	
0.336199	0.035233	
0.336299	0.035211	
0.336399	0.035188	
0.336499	0.035165	
0.336599	0.035142	
0.336699	0.035118	
0.336799	0.035095	
0.336899	0.035071	
0.336999	0.035048	
0.337099	0.035024	
0.337199	0.035000	
0.337299	0.034976	
0.337399	0.034952	
0.337499	0.034927	
0.337599	0.034903	
0.337699	0.034879	
0.337799	0.034855	
0.337899	0.034830	
0.337999	0.034806	
0.338099	0.034782	
0.338199	0.034758	
0.338299	0.034734	
0.338399	0.034710	
0.338499	0.034687	
0.338599	0.034663	
0.338699	0.034639	
0.338799	0.034615	
0.338899	0.034592	
0.338999	0.034568	
0.339099	0.034544	
0.339199	0.034520	
0.339299	0.034496	
0.339399	0.034472	
0.339499	0.034447	
0.339599	0.034423	
0.339699	0.034400	
0.339799	0.034376	
0.339899	0.034352	
0.339999	0.034327	
0.340099	0.034303	
0.340199	0.034279	
0.340299	0.034254	
0.340399	0.034230	
0.340499	0.034206	
0.340599	0.034182	
0.340699	0.034157	
0.340799	0.034133	
0.340899	0.034108	
0.340999	0.034083	
0.341099	0.034059	
0.341199	0.034034	
0.341299	0.034009	
0.341399	0.033983	
0.341499	0.033958	
0.341599	0.033932	
0.341699	0.033906	
0.341799	0.033881	
0.341899	0.033855	
0.341999	0.033829	
0.342099	0.033803	
0.342199	0.033777	
0.342299	0.033751	
0.342399	0.033724	
0.342499	0.033698	
0.342599	0.033672	
0.342699	0.033646	
0.342799	0.033620	
0.342899	0.033593	
0.342999	0.033567	
0.343099	0.033541	
0.343199	0.033514	
0.343299	0.033488	
0.343399	0.033462	
0.343499	0.033436	
0.343599	0.033409	
0.343699	0.033383	
0.343799	0.033356	
0.343899	0.033329	
0.343999	0.033302	
0.344099	0.033274	
0.344199	0.033246	
0.344299	0.033218	
0.344399	0.033189	
0.344499	0.033160	
0.344599	0.033132	
0.344699	0.033103	
0.344799	0.033074	
0.344899	0.033044	
0.344999	0.033015	
0.345099	0.032985	
0.345199	0.032956	
0.345299	0.032927	
0.345399	0.032898	
0.345499	0.032868	
0.345599	0.032839	
0.345699	0.032810	
0.345799	0.032781	
0.345899	0.032752	
0.345999	0.032723	
0.346099	0.032694	
0.346199	0.032665	
0.346299	0.032636	
0.346399	0.032607	
0.346499	0.032577	
0.346599	0.032548	
0.346699	0.032519	
0.346799	0.032490	
0.346899	0.032461	
0.346999	0.032431	
0.347099	0.032402	
0.347199	0.032372	
0.347299	0.032343	
0.347399	0.032314	
0.347499	0.032285	
0.347599	0.032255	
0.347699	0.032226	
0.347799	0.032196	
0.347899	0.032167	
0.347999	0.032137	
0.348099	0.032108	
0.348199	0.032078	
0.348299	0.032048	
0.348399	0.032018	
0.348499	0.031988	
0.348599	0.031958	
0.348699	0.031929	
0.348799	0.031899	
0.348899	0.031869	
0.348999	0.031840	
0.349099	0.031810	
0.349199	0.031780	
0.349299	0.031750	
0.349399	0.031720	
0.349499	0.031689	
0.349599	0.031658	
0.349699	0.031628	
0.349799	0.031597	
0.349899	0.031567	
0.349999	0.031536	
0.350099	0.031506	
0.350199	0.031475	
0.350299	0.031445	
0.350399	0.031415	
0.350499	0.031385	
0.350599	0.031355	
0.350699	0.031324	
0.350799	0.031293	
0.350899	0.031261	
0.350999	0.031230	
0.351099	0.031198	
0.351199	0.031166	
0.351299	0.031134	
0.351399	0.031102	
0.351499	0.031070	
0.351599	0.031039	
0.351699	0.031007	
0.351799	0.030975	
0.351899	0.030944	
0.351999	0.030912	
0.352099	0.030880	
0.352199	0.030849	
0.352299	0.030817	
0.352399	0.030786	
0.352499	0.030754	
0.352599	0.030722	
0.352699	0.030691	
0.352799	0.030659	
0.352899	0.030626	
0.352999	0.030594	
0.353099	0.030561	
0.353199	0.030529	
0.353299	0.030496	
0.353399	0.030463	
0.353499	0.030430	
0.353599	0.030397	
0.353699	0.030365	
0.353799	0.030333	
0.353899	0.030300	
0.353999	0.030267	
0.354099	0.030234	
0.354199	0.030201	
0.354299	0.030167	
0.354399	0.030133	
0.354499	0.030100	
0.354599	0.030067	
0.354699	0.030033	
0.354799	0.030000	
0.354899	0.029966	
0.354999	0.029931	
0.355099	0.029897	
0.355199	0.029863	
0.355299	0.029829	
0.355399	0.029795	
0.355499	0.029761	
0.355599	0.029727	
0.355699	0.029693	
0.355799	0.029659	
0.355899	0.029625	
0.355999	0.029590	
0.356099	0.029556	
0.356199	0.029521	
0.356299	0.029486	
0.356399	0.029451	
0.356499	0.029417	
0.356599	0.029383	
0.356699	0.029348	
0.356799	0.029314	
0.356899	0.029279	
0.356999	0.029244	
0.357099	0.029210	
0.357199	0.029175	
0.357299	0.029141	
0.357399	0.029106	
0.357499	0.029071	
0.357599	0.029036	
0.357699	0.029000	
0.357799	0.028965	
0.357899	0.028930	
0.357999	0.028895	
0.358099	0.028859	
0.358199	0.028824	
0.358299	0.028789	
0.358399	0.028754	
0.358499	0.028719	
0.358599	0.028684	
0.358699	0.028649	
0.358799	0.028613	
0.358899	0.028578	
0.358999	0.028542	
0.359099	0.028507	
0.359199	0.028471	
0.359299	0.028436	
0.359399	0.028400	
0.359499	0.028364	
0.359599	0.028328	
0.359699	0.028291	
0.359799	0.028254	
0.359899	0.028217	
0.359999	0.028179	
0.360099	0.028142	
0.360199	0.028104	
0.360299	0.028066	
0.360399	0.028028	
0.360499	0.027989	
0.360599	0.027951	
0.360699	0.027913	
0.360799	0.027875	
0.360899	0.027837	
0.360999	0.027799	
0.361099	0.027760	
0.361199	0.027722	
0.361299	0.027684	
0.361399	0.027646	
0.361499	0.027607	
0.361599	0.027568	
0.361699	0.027529	
0.361799	0.027490	
0.361899	0.027452	
0.361999	0.027414	
0.362099	0.027375	
0.362199	0.027337	
0.362299	0.027300	
0.362399	0.027262	
0.362499	0.027224	
0.362599	0.027186	
0.362699	0.027148	
0.362799	0.027110	
0.362899	0.027072	
0.362999	0.027034	
0.363099	0.026996	
0.363199	0.026957	
0.363299	0.026919	
0.363399	0.026881	
0.363499	0.026842	
0.363599	0.026804	
0.363699	0.026765	
0.363799	0.026726	
0.363899	0.026688	
0.363999	0.026650	
0.364099	0.026612	
0.364199	0.026574	
0.364299	0.026536	
0.364399	0.026499	
0.364499	0.026462	
0.364599	0.026424	
0.364699	0.026388	
0.364799	0.026351	
0.364899	0.026314	
0.364999	0.026277	
0.365099	0.026239	
0.365199	0.026202	
0.365299	0.026164	
0.365399	0.026126	
0.365499	0.026088	
0.365599	0.026050	
0.365699	0.026011	
0.365799	0.025973	
0.365899	0.025935	
0.365999	0.025896	
0.366099	0.025857	
0.366199	0.025818	
0.366299	0.025779	
0.366399	0.025741	
0.366499	0.025702	
0.366599	0.025663	
0.366699	0.025625	
0.366799	0.025586	
0.366899	0.025548	
0.366999	0.025509	
0.367099	0.025471	
0.367199	0.025433	
0.367299	0.025395	
0.367399	0.025358	
0.367499	0.025320	
0.367599	0.025282	
0.367699	0.025244	
0.367799	0.025206	
0.367899	0.025169	
0.367999	0.025131	
0.368099	0.025093	
0.368199	0.025055	
0.368299	0.025017	
0.368399	0.024980	
0.368499	0.024942	
0.368599	0.024904	
0.368699	0.024865	
0.368799	0.024827	
0.368899	0.024789	
0.368999	0.024752	
0.369099	0.024714	
0.369199	0.024677	
0.369299	0.024640	
0.369399	0.024603	
0.369499	0.024567	
0.369599	0.024530	
0.369699	0.024493	
0.369799	0.024456	
0.369899	0.024419	
0.369999	0.024383	
0.370099	0.024346	
0.370199	0.024309	
0.370299	0.024273	
0.370399	0.024236	
0.370499	0.024200	
0.370599	0.024164	
0.370699	0.024128	
0.370799	0.024092	
0.370899	0.024056	
0.370999	0.024018	
0.371099	0.023981	
0.371199	0.023944	
0.371299	0.023908	
0.371399	0.023871	
0.371499	0.023834	
0.371599	0.023798	
0.371699	0.023762	
0.371799	0.023726	
0.371899	0.023690	
0.371999	0.023654	
0.372099	0.023618	
0.372199	0.023581	
0.372299	0.023545	
0.372399	0.0