1927.069999998392
5501.330000073661
5895.140000082257
7473.430000116708
10736.120000187924
13027.810000237947
13677.140000252120
14350.640000266822
16028.050000303436
16713.160000258515
16908.960000227173
18529.939999967701
18584.179999959018
19318.649999841451
20849.399999596422
20905.339999587468
21474.819999496311
22530.319999327356
23111.759999234284
24455.779999019145
26106.689998754882
27082.519998598680
27959.749998458261
31758.229997850234
33399.099997817168
33713.489997881217
33828.319997904611
34073.199997954500
34172.309997974691
36384.969998425469
36882.399998526809
38775.429998912470
41764.419999521408
42255.359999621425
43715.779999918952
44482.330000075119
44922.490000164791
45141.880000209487
45526.730000287891
46159.840000416872
46442.010000474358
49679.480001133918
49838.170001166247
50657.830001333234
51353.680001474997
51947.590001595992
53452.540001902591
55636.160002347453
56230.200002468475
56847.500002594235
58058.150002840877
59571.830003149254
60311.660003299978
61250.170003491177
62428.610003731257
64330.060004118634
64486.320004150468
64665.130004186896
65951.360004146714
67053.990003569081
67130.190003529162
67305.230003437464
67602.830003281560
68257.600002938547
69140.310002476122
69739.860002162037
70039.270002005185
70729.850001643412
71482.660001249038
72891.090000511205
74121.609999866574
75823.979998974755
76654.739998539546
76915.589998402895
77334.629998183373
78932.909997346083
82061.529995707097
83851.959994769146
84421.449994470808
86237.049993519671
86520.519993371170
86595.719993331775
87815.889992692566
88039.259992575549
89639.729991737113
92743.129990111338
93499.699989714994
93577.679989674143
93841.979989535685
94307.039989292054
94422.459989231589
94744.479989062893
95068.129988893343
95280.029988782335
95338.759988751568
95516.339988658539
95792.409988513915
95862.439988477228
95970.229988420760
97207.579987772551
99979.869986320235
101010.729985780199
101093.739985736713
101301.549985627847
102061.159985229911
102102.729985208134
102521.259984988879
105218.319983575973
105905.169983216154
107305.489982482570
107526.849982366606
107746.609982251481
108159.719982035065
108409.369981904281
108538.219981836781
110867.439980616575
111061.699980514808
111825.929980114452
112375.659979826465
113080.419979457263
113840.429979059118
114422.629978754121
114526.189978699869
115269.199978310629
116172.929977837193
117680.779977047277
118762.089976480813
119287.579976205525
119474.669976107514
120048.849975806719
120132.419975762939
120962.759975327950
121308.439975146859
121695.369974944158
123689.689973899396
125072.799973174828
125463.669972970063
125650.199972872346
126235.179972565893
126750.849972295749
126885.919972224990
127592.289971854945
128949.519971143935
129430.449970891990
131003.289970068028
131357.709970298107
132535.299971394823
134653.919973367942
135725.629974366049
136749.919975319994
136891.649975451990
137336.729975866503
139289.329977685004
139553.209977930761
140310.239978635800
140565.279978873325
140637.739978940808
140673.939978974522
140867.759979155031
143473.419981581741
145286.689983270480
145676.339983633370
146165.459984088899
146492.369984393357
147017.449984882376
148767.729986512451
149667.679987350595
149828.769987500622
149842.709987513605
150259.409987901687
150682.879988296074
151582.039989133482
152532.559990018723
152834.869990300271
152942.969990400947
154313.889991677715
154877.419992202544
157687.159994819318
158764.489995822660
164538.470001200098
164962.200001594727
165305.300001914264
165700.300002282136
166182.630002731341
166440.020002971054
166990.140003483393
167282.390003755572
168888.500005251379
169717.650006023585
170127.500006405287
171004.000007221592
171185.310007390450
171233.250007435097
171387.630007578875
174505.700010482804
174960.680010906537
175097.740011034184
175769.630011659930
176656.550012485939
176778.340012599365
177117.030012914794
177887.210013632081
178925.330014598905
179503.070015136967
182191.750017640996
182568.200017991592
183053.770018443814
183630.450018980890
184498.490019789315
184973.020020231255
185357.330020589172
185525.840020746109
185657.120020868373
186903.280022028950
187968.380023020902
188070.470023115980
190244.650025140843
192161.520026926068
192972.660027681501
194973.750029545161
196132.360030624201
196498.430030965130
196975.490031409427
197316.720031727222
201828.690035929321
205538.330039384193
207423.780041140155
209399.140042979852
209657.710043220664
209714.560043273610
213147.020046470338
213488.550046788412
213603.750046895701
213860.200047134538
214361.670047601569
215195.470048378105
215259.690048437915
215483.130048646010
215617.640048771282
215633.820048786351
215654.620048805722
216035.370049160323
216105.150049225311
217163.760050211218
219093.240052008186
220414.400053238613
221026.150053808349
222035.770054748631
224174.040056740050
224544.030057084630
225185.340057681897
225352.330057837418
226579.060058979900
228047.370060347370
228788.710061037797
229053.850061284727
229175.920061398414
231168.260063253925
231276.010063354275
232771.090064746677
232854.680064824526
234995.490066818311
238450.370070035919
238567.360070144874
239416.240070935455
240039.210071515641
240119.510071590426
240253.530071715242
244120.960075317067
244431.110075605917
244644.250075804419
248942.320079807309
249004.450079865172
249064.730079921312
249675.100080489763
250186.950080966461
251722.840082396870
252199.540082840831
253880.320084406179
256456.360086805304
257649.900087916874
258112.390088347602
258139.320088372682
258506.340088714496
258611.940088812844
258900.090089081204
258914.740089094848
260176.770090270205
261615.050091609708
263004.770092903986
263622.970093479729
263680.140093532973
266157.380095840083
266480.050096140592
267128.490096744499
267506.540097096586
267740.200097314199
268084.300097634667
268604.550098119187
271581.730100891902
272069.020101345726
272480.410101728863
274383.640103501384
275721.110104747000
276237.730105228140
277069.930106003187
279649.660108405747
279934.790108671295
280094.740108820261
280337.460109046311
280874.960109546897
281800.140110408538
281832.960110439104
281984.080110579845
282357.220110927359
283278.460111785331
285064.710113448906
287441.780115662725
287652.460115858936
288529.850116676069
289539.980117616826
290446.370118460967
292643.610120507306
293159.220120987506
293449.720121258055
294109.600121872616
297484.440125015681
297572.900125098065
299067.330126489862
299444.570126841194
299546.330126935965
301229.360128503409
302241.900129446411
303415.060130539001
303820.920130916988
303914.960131004569
306194.310133127379
307444.950134292128
309100.390135833877
309116.340135848732
309415.110136126983
309724.690136415302
310062.640136730042
311182.870137773338
311271.880137856235
312499.250138999312
314846.080141184968
315011.970141339465
316844.500143046142
317312.850143482327
317579.840143730980
318468.070144558209
319404.390145430225
319854.940145849832
320119.080146095832
321126.340147033916
321231.020147131407
321273.130147170625
323796.110149520333
324834.090150487027
324959.030150603387
325102.910150737385
325462.300151072093
326283.740151837119
327368.540152847418
327486.530152957304
327732.860153186717
329871.230155178229
332805.400157910888
334679.190159655991
334917.540159877972
335220.250160159892
335635.880160546978
335745.230160648818
340981.820165525773
341470.230165980640
341788.820166277350
342953.590167362127
343024.940167428576
343171.430167565006
343424.940167801105
343487.480167859350
344162.720168488217
345193.100169447833
346867.090171006857
347218.320171333966
347269.390171381528
349331.100173301646
350513.820174403139
350801.430174670997
352175.550175950746
353021.190176738310
353582.620177261182
353611.380177287967
355440.750178991701
355517.370179063058
355890.850179410889
357542.240180948866
358498.060181839042
358740.390182064730
361032.780184199684
361746.280184864183
362164.670185253839
362919.420185956755
364267.560187212308
365453.100188316428
365774.800188616035
366208.990189020406
366895.470189659740
367692.180190401734
369274.920191875775
369823.550192386727
370610.220193119370
373052.880195394275
377912.930199920549
378021.750200021896
378355.470200332697
378726.970200678683
379393.500201299437
379586.660201479332
380498.480202328530
381122.800202909973
381370.780203140923
383202.870204847190
386118.110207562218
386280.550207713502
387373.870208731736
388913.230210165377
389599.860210804851
389613.550210817601
389941.570211123093
391664.980212728144
391855.610212905682
391897.970212945133
392197.640213224222
392230.720213255030
393348.700214296230
394296.920215179329
394401.450215276680
395318.380216130638
396110.190216868068
396439.930217175162
396778.490217490471
397535.610218195594
398401.700219002203
398741.310219318490
398871.950219440158
401269.430221672985
401358.100221755565
401823.930222189403
403752.340223985375
404202.730224404833
404508.310224689427
405847.560225936701
406527.660226570093
407156.400227155653
407921.840227868524
408078.240228014183
408390.640228305128
408984.100228857831
409050.570228919736
411039.760230772314
411258.190230975742
412010.700231676572
412060.150231722626
413477.060233042226
413703.130233252770
414565.560234055971
414765.800234242459
414826.100234298618
414913.180234379717
415060.970234517357
417408.110236703302
417849.320237114211
417917.280237177503
418964.310238152626
419458.150238612550
419738.770238873898
420082.200239193742
423750.890242610476
423914.820242763148
426236.190244925092
426879.100245523849
428739.890247256844
430923.810249290778
431106.290249460726
431891.650250192150
431987.870250281761
432206.710250485572
432245.890250522061
432636.460250885808
433673.190251851338
435631.980253675603
437053.930254999897
438407.640256260638
438602.450256442069
439462.700257243239
440546.350258252467
441338.210258989944
443890.620261367061
444569.450261999271
444904.400262311217
445150.050262539997
445416.610262788250
446427.140263729380
447037.480264297803
447429.630264663021
447999.070265193353
448079.010265267803
448677.270265824976
449175.830266289297
449422.200266518747
450884.820267880918
451495.860268449993
452853.970269714831
454349.820271107950
454471.150271220948
454679.770271415240
455209.170271908282
455582.160272255656
460683.910277007031
460750.720277069253
461320.010277599446
461462.550277732196
464014.530280108913
464527.580280586728
465064.150281086448
465256.380281265476
466397.400282328133
467263.330283134594
468268.530284070759
468977.950284731458
469052.440284800832
470784.260286413715
470820.510286447476
472626.660288129584
473001.540288478718
473255.100288714864
474054.320289459196
474786.290290140896
475221.520290546236
475839.280291121569
478693.110293779406
481061.780295985402
481306.280296213110
481474.510296369786
482572.220297392108
483323.410298091709
483570.960298322258
484350.250299048028
485283.740299917408
489871.170304189785
490085.340304389247
491432.160305643571
491497.460305704386
491526.580305731506
491773.930305961869
493549.750307615730
497481.100311277085
499663.920313309995
501495.660315015935
503223.800316625391
505341.710318597849
506344.790319532040
508144.270321207936
510827.740323707112
511461.490324297338
511758.850324574276
512321.320325098117
512412.470325183007
512992.670325723360
514975.290327569819
516900.100329362438
517101.430329549941
519124.380331433960
519804.470332067343
520039.260332286009
520916.650333103142
521240.670333404909
522043.420334152528
523052.100335091935
525377.440337257576
525790.900337642641
525862.790337709594
526915.170338689699
529380.740340985940
529464.550341063994
529500.230341097224
530892.430342393811
531412.990342878620
531996.040343421628
533090.180344440625
534056.180345340283
534638.190345882322
536183.900347321876
536247.820347381406
536690.990347794141
537030.300348110148
537193.360348262009
539383.460350301699
542299.610353017575
542811.100353493937
543415.700354057015
546152.560356605914
546318.190356760169
550492.990360648255
550593.560360741918
550711.940360852168
551528.530361612677
551671.230361745576
551811.930361876613
553447.880363400211
554115.190364021691
554428.320364313317
555722.040365518187
556116.980365886004
559588.470369119081
560749.390370200272
563531.990372791770
563602.120372