226.079999999939
257.219999999911
1222.269999999033
1925.249999998394
2024.739999998304
2112.359999999687
2239.200000002456
2470.540000007506
2679.650000012070
2767.570000013989
2938.180000017713
3710.940000034581
3741.980000035258
3950.140000039802
4128.560000043696
4446.890000050645
5123.830000065421
5288.930000069025
5460.850000072777
5498.140000073591
5582.650000075436
5621.230000076278
5893.880000082229
5990.470000084338
6096.900000086661
6834.540000102762
7198.590000110708
7471.950000116675
7569.250000118799
8478.790000138652
9379.290000158308
9576.560000162614
9713.110000165594
9915.560000170013
10138.260000174874
10693.780000187000
10735.470000187910
10841.820000190231
11093.360000195722
11549.790000205685
11872.190000212722
12026.060000216081
12091.090000217500
12300.540000222072
12359.970000223369
13026.320000237914
13223.410000242216
13248.800000242771
13676.290000252102
13788.130000254543
13996.560000259093
14263.540000264920
14347.980000266763
14613.090000272550
14961.310000280151
14984.560000280659
15261.770000286710
15554.250000293094
16026.890000303410
16238.840000308037
16278.030000308892
16600.630000276527
16711.640000258758
16897.020000229084
17027.770000208155
17130.800000191663
17309.850000163002
18058.830000043112
18281.420000007482
18507.779999971248
18525.239999968453
18582.599999959271
19192.349999861668
19317.249999841675
19446.319999821015
19658.469999787056
19897.379999748813
20494.489999653233
20848.089999596632
20903.759999587721
21221.469999536865
21274.119999528437
21473.969999496447
22001.629999411984
22135.859999390497
22329.449999359509
22527.789999327761
23110.029999234561
23262.759999210113
24077.559999079687
24273.079999048390
24286.609999046224
24454.519999019347
25085.799998918297
25328.189998879498
25805.399998803110
26105.189998755122
26308.489998722580
26398.609998708154
26582.299998678751
27081.399998598859
27264.789998569504
27459.889998538274
27640.619998509344
27794.449998484721
27957.079998458688
28724.859998335789
29326.749998239444
29622.029998192178
29641.189998189111
30142.719998108831
30362.749998073610
30421.189998064256
30565.749998041116
30813.499998001458
30967.629997976786
31031.009997966641
31288.139997925482
31756.469997850516
32094.689997796377
32753.189997690970
32928.129997721218
33147.949997766002
33267.589997790375
33338.679997804858
33398.299997817005
33575.229997853050
33662.659997870862
33712.239997880963
33812.769997901443
34070.999997954052
34171.039997974432
34290.479997998766
34431.699998027536
34539.539998049506
34619.269998065749
35252.859998194828
35842.279998314909
35942.839998335396
35998.989998346835
36383.499998425170
36752.739998500394
36847.819998519764
36881.689998526665
37196.989998590900
37364.999998625128
37580.729998669078
38112.369998777387
38774.169998912213
38903.049998938470
38950.939998948226
39105.359998979686
39332.819999026025
40079.199999178083
40219.439999206654
40602.839999284763
40821.969999329405
40991.519999363947
41508.319999469233
41651.019999498305
41763.129999521145
42147.549999599461
42254.239999621197
42385.849999648010
42848.169999742197
43146.049999802883
43322.689999838869
43335.679999841515
43683.599999912396
44087.079999994596
44481.100000074868
44736.890000126979
44824.790000144887
44920.380000164361
45140.600000209226
45491.280000280669
45524.800000287498
45707.990000324819
45851.100000353974
46158.760000416652
46190.220000423062
46407.950000467419
46440.380000474026
47317.020000652621
47533.510000696726
48268.550000846473
48457.140000884894
48519.080000897513
48592.170000912403
48801.140000954976
48899.740000975064
49002.880000996076
49252.150001046859
49335.370001063813
49678.760001133771
49769.020001152159
49836.630001165933
49971.670001193444
50110.270001221681
50133.730001226460
50375.090001275632
50657.060001333077
50697.320001341279
50899.630001382495
51116.410001426659
51218.700001447498
51352.660001474789
51946.430001595756
51973.710001601314
52155.270001638302
52281.200001663958
52543.970001717491
53271.320001865672
53450.200001902114
53466.350001905404
53863.840001986384
54696.640002156048
55093.300002236858
55275.350002273946
55425.910002304619
55633.330002346876
56008.840002423378
56155.860002453330
56194.500002461202
56229.340002468300
56353.510002493596
56369.880002496931
56717.380002567726
56846.610002594054
56930.050002611053
57066.350002638821
57225.230002671189
57310.810002688624
57443.170002715589
58055.210002840278
58304.010002890966
58401.180002910762
58736.300002979035
58879.190003008145
59540.130003142796
59860.100003207983
59984.480003233322
60309.350003299507
60383.350003314583
60912.620003422409
61041.900003448747
61127.610003466209
61248.960003490931
61548.590003551973
61650.060003572646
61709.580003584771
62356.020003716469
62424.250003730369
63007.800003849254
63157.110003879672
63312.890003911409
63456.260003940617
64103.520004072481
64329.000004118418
64370.680004126909
64483.860004149967
64663.890004186644
64977.420004250518
65445.190004345815
65636.450004311686
65950.360004147238
66173.720004030227
66289.820003969406
66370.380003927203
66647.770003781887
67053.230003569479
67073.700003558755
67127.980003530320
67304.320003437941
67411.810003381630
67601.440003282289
67796.400003180155
68029.340003058125
68190.900002973489
68211.920002962477
68256.480002939134
68512.240002805149
68637.820002739361
68686.730002713739
68832.590002637327
68852.250002627028
68908.980002597309
69012.490002543083
69137.630002477526
69428.410002325196
69737.250002163404
70024.590002012876
70729.180001643763
71145.550001425639
71480.330001250259
71613.350001180574
71724.010001122602
71841.840001060875
72135.660000906952
72890.270000511635
72935.880000487741
73111.720000395624
73291.660000301359
73368.100000261315
73481.240000202044
73592.410000143806
73791.740000039383
74001.339999929580
74119.829999867507
75077.229999365954
75240.009999280679
75659.169999061094
75822.489998975536
76013.969998875225
76099.779998830272
76114.959998822320
76444.069998649909
76653.269998540316
76858.499998432802
76912.919998404293
77333.059998184195
77402.189998147980
78573.489997534372
78830.229997399874
78930.929997347121
79043.069997288374
79447.449997076532
79537.959997029116
79721.649996932887
79801.599996891004
80863.309996334807
81235.639996139755
81560.599995969518
81884.019995800089
82016.969995730440
82059.619995708097
82454.909995501017
82700.119995372559
82885.399995275497
82951.049995241105
83041.099995193930
83305.819995055252
83850.089994770125
84026.689994677610
84184.199994595096
84321.539994523147
84420.339994471389
84639.709994356468
84659.569994346064
85104.029994113225
85155.259994086387
85250.629994036426
85296.969994012150
85359.069993979618
85438.939993937776
85840.449993727438
85894.039993699364
86219.179993529033
86519.599993371652
86593.989993332681
86918.519993162670
87154.229993039189
87203.349993013457
87524.589992845169
87719.369992743130
87814.269992693415
87882.229992657813
87993.639992599448
88040.009992575157
88391.969992390776
89637.899991738072
90107.489991492068
90545.229991262750
90894.179991079945
90945.339991053144
91700.979990657288
92742.199990111825
92857.329990051512
93344.299989796404
93496.749989716540
93576.349989674840
93727.929989595432
93840.019989536711
94208.059989343907
94290.009989300976
94304.699989293280
94355.619989266605
94421.029989232338
94517.889989181596
94743.089989063621
94809.559989028799
95034.159988911138
95067.169988893846
95278.319988783231
95337.239988752364
95357.649988741672
95515.089988659194
95790.329988515005
95861.789988477569
95925.479988444204
96187.759988306803
96629.249988075520
96685.659988045969
97011.199987875429
97137.409987809311
97206.099987773327
97250.599987750014
97461.719987639415
97843.869987439219
98139.469987284363
98525.039987082375
98674.339987004161
98761.489986958506
98777.039986950360
98926.469986872078
99227.219986714525
99616.629986510525
99703.719986464901
99978.069986321178
100074.929986270436
100248.749986179377
100393.639986103473
101008.689985781268
101024.459985773006
101092.989985737106
101300.839985628219
101822.489985354943
102060.099985230467
102100.999985209040
102366.089985070168
102451.289985025534
102519.939984989571
102920.479984779740
103154.989984656888
103460.209984496993
103642.799984401339
104139.449984141160
104306.729984053527
105011.649983684241
105102.599983636595
105217.489983576408
105276.569983545458
105323.649983520794
105421.649983469455
105480.299983438730
105611.959983369758
105904.199983216662
105948.929983193229
106157.719983083851
106235.289983043214
106709.839982794612
106829.619982731863
106882.749982704030
106943.539982672184
107303.999982483350
107520.589982369886
107626.909982314188
107744.309982252686
107947.189982146403
108021.689982107375
108158.619982035641
108205.899982010873
108288.359981967675
108407.659981905177
108536.829981837509
108699.829981752118
109262.849981457170
109928.049981108692
110159.679980987348
110659.099980725718
110686.899980711154
110865.789980617439
111060.739980515311
111473.179980299246
111824.999980114939
112078.149979982321
112374.199979827230
112465.139979779589
112478.959979772349
112740.629979635269
113079.179979457913
113135.199979428566
113838.639979060055
113903.819979025910
114077.579978934882
114421.549978754687
114524.209978700907
114538.589978693373
114594.079978664304
114750.589978582313
114769.629978572339
115268.509978310991
115417.489978232945
115563.569978156418
115636.919978117992
115956.779977950428
116170.409977838513
116648.399977588109
116851.759977481575
117339.709977225953
117609.439977084650
117679.089977048163
117743.859977014232
117792.359976988824
117948.389976907085
118686.989976520155
118760.869976481452
118823.469976448658
119239.309976230812
119286.579976206049
119473.389976108185
119786.429975944193
119824.739975924123
120047.949975807191
120131.599975763369
120322.139975663551
120487.369975576992
120909.609975355794
120960.609975329076
121167.019975220945
121244.289975180465
121307.229975147493
121693.469974945154
121918.189974827430
121993.359974788051
122279.629974638083
122509.049974517897
122915.959974304729
123493.209974002326
123688.299973900124
123857.599973811433
123986.789973743755
124297.639973580910
124908.019973261151
125070.589973175986
125122.399973148844
125462.139972970865
125649.419972872754
126125.399972623403
126203.589972582442
126235.519972565715
126313.669972524774
126749.549972296430
126884.409972225782
126970.839972180504
127421.799971944260
127475.469971916144
127591.469971855375
127780.379971756411
127985.899971648745
128678.919971285693
128697.909971275745
128799.209971222677
128948.169971144642
129427.789970893384
129803.629970696493
130175.079970501902
130232.659970471737
130368.779970400428
130444.979970360509
130507.419970327799
130606.289970276004
130660.189970247768
130677.839970238521
131001.889970068762
131355.649970296188
131813.469970722566
132148.469971034559
132435.779971302138
132532.739971392439
132553.529971411801
132656.189971507411
132671.769971521921
132739.379971584887
133012.179971838952
133090.069971911493
134401.339973132708
134652.409973366535
134825.669973527896
134905.229973601992
135164.049973843037
135381.509974045563
135485.389974142308
135722.899974363507
136456.809975047014
136748.639975318802
136890.599975451012
137011.269975563395
137292.439975825255
137335.039975864929
137591.019976103329
137776.519976276089
137854.209976348444
137942.649976430810
138483.469976934488
138881.729977305396
139287.889977683662
139551.719977929373
140307.989978633705
140366.169978687889
140560.909978869255
140635.829978939029
140865.349979152787
140902.639979187516
140917.379979201243
141276.839979536016
141402.149979652721
141636.269979870762
141771.559979996760
142556.869980728137
142700.819980862201
142999.359981140238
143409.699981522397
143470.859981579357
143554.789981657523
144335.149982384290
144720.199982742895
145127.889983122586
145285.419983269298
145361.629983340274
145491.749983461457
145674.589983631740
146101.669984029490
146163.559984087129
146491.369984392426
146959.599984828499
147016.219984881231
147688.339985507191
147948.569985749549
147981.729985780432
148050.399985844386
148175.989985961351
148407.899986177334
148765.289986510179
148777.149986521224
149019.489986746921
149238.389986950788
149566.079987255973
149666.149987349170
149712.129987391992
149826.129987498163
150258.729987901053
150390.479988023755
150681.259988294565
151019.779988609836
151090.729988675914
151183.529988762341
151280.989988853107
151420.599988983129
151580.999989132513
151615.359989164514
151995.199989518267
152335.809989835485
152530.049990016385
152576.699990059831
152831.059990296722
152939.309990397538
153244.509990681778
153669.229991077329
154309.339991673478
154470.829991823877
154527.959991877084
154762.359992095386
154875.799992201035
154981.389992299373
155561.639992839773
155727.969992994680
155753.129993018112
155876.109993132646
155992.039993240614
156025.749993272009
156281.829993510502
156636.979993841262
156796.729993990040
156812.879994005081
156825.439994016779
156879.959994067554
157025.979994203546
157040.289994216873
157347.059994502575
157514.909994658898
157686.199994818424
157816.129994939431
158098.099995202036
158127.069995229016
158230.679995325510
158510.529995586141
158763.129995821393
158810.599995865603
159122.139996155747
159547.309996551718
160298.989997251774
160363.259997311630
160951.149997859146
161194.679998085951
161218.429998108069
161555.029998421553
161571.629998437013
161936.029998776386
162064.919998896425
162215.149999036337
162917.629999690573
163415.520000154269
163452.830000189017
163513.950000245939
163757.680000472930
164094.010000786162
164535.990001197788
164550.820001211599
164820.940001463168
164961.410001593991
165177.400001795148
165304.280001913314
165382.040001985733
165474.650002071983
165699.080002281000
166039.390002597938
166180.230002729106
166438.220002969378
166551.840003075195
166879.110003379988
166960.500003455789
166988.370003481745
167129.700003613369
167280.410003753728
167307.740003779181
167460.310003921273
167742.630004184204
167916.040004345705
168160.880004573730
168446.430004839669
168745.920005118591
168871.880005235900
169044.980005397112
169303.480005637859
169716.710006022709
169948.520006238599
170002.740006289096
170125.800006403704
170176.400006450829
170288.560006555286
170823.460007053451
171002.260007219971
171183.370007388643
171230.380007432424
171320.150007516029
171386.760007578065
171823.010007984354
172327.990008454653
174504.040010481258
174939.680010886979
174959.280010905233
175036.120010976796
175095.880011032452
175767.770011658198
175996.370011871099
176655.170012484654
176777.490012598573
177116.230012914049
177886.250013631186
177956.210013696342
178162.620013888576
178744.220014430233
178885.650014561950
178923.610014597303
178984.610014654114
179501.700015135692
179634.740015259595
179784.690015399246
179867.510015476379
180070.620015665540
180318.930015896796
180659.070016213576
181023.420016552904
181805.530017281300
182189.120017638546
182493.210017921752
182564.670017988305
182671.310018087621
183051.400018441607
183100.260018487112
183513.480018871953
183629.420018979930
183973.880019300734
184301.490019605844
184496.870019787806
184631.600019913283
184897.910020161304
184970.530020228936
185356.150020588073
185523.840020744246
185540.680020759930
185557.680020775762
185655.840020867181
185754.620020959177
185825.470021025161
186034.980021220283
186380.470021542045
186470.310021625715
186688.730021829135
186902.030022027786
186978.170022098697
187103.060022215010
187198.140022303560
187222.470022326219
187847.260022908100
187967.040023019654
188045.360023092595
188069.050023114658
188085.030023129540
188148.760023188894
188744.080023743329
189441.910024393233
189557.090024500503
190242.270025138627
190455.330025337054
190551.150025426294
190791.610025650240
191002.460025846609
191040.280025881832
191573.580026378506
191753.030026545632
192000.810026776395
192158.990026923711
192386.920027135988
192801.420027522021
192970.830027679796
193983.380028622807
194029.370028665639
194123.140028752969
194802.130029385327
194972.680029544164
195002.490029571927
195709.330030230223
195972.190030475031
196128.580030620680
196322.150030800956
196495.800030962680
196677.700031132088
196723.660031174892
196740.640031190705
196835.960031279479
196942.320031378535
196975.180031409138
197106.950031531858
197314.710031725350
198131.850032486371
198493.730032823398
198605.280032927287
198698.740033014328
198834.400033140671
198914.700033215457
199125.950033412199
199286.640033561853
199751.820033995085
199949.330034179031
200032.920034256880
200254.300034463056
200651.360034832847
201097.210035248077
201270.720035409671
201483.950035608257
201827.460035928176
202882.490036910749
202937.910036962363
203546.010037528700
203743.880037712981
203822.400037786108
203893.490037852316
205156.610039028688
205535.160039381240
206213.980040013441
206686.500040453509
207108.230040846276
207364.020041084499
207422.640041139093
207866.150041552144
207991.750041669118
208071.110041743028
208425.610042073182
208522.990042163874
208585.430042222026
208750.570042375824
208939.370042551658
209254.930042845546
209397.650042978465
209431.100043009617
209466.300043042400
209497.520043071476
209533.210043104715
209656.190043219249
209711.930043271161
209794.420043347985
210146.640043676016
210382.750043895910
210601.040044099209
210694.750044186483
212094.250045489869
212371.680045748246
212696.140046050423
212964.720046300557
213145.120046468568
213407.620046713040
213472.870046773809
213558.550046853605
213603.040046895039
213858.290047132759
214360.260047600255
214732.200047946651
214892.300048095756
215193.680048376438
215257.690048436052
215480.870048643905
215616.130048769875
215654.410048805526
215683.130048832274
216034.460049159476
216104.010049224249
216683.660049764090
216803.060049875290
216876.570049943752
217061.060050115571
217087.530050140223
217162.930050210445
217743.280050750938
218257.210051229573
218649.810051595210
218667.110051611322
218858.440051789512
219091.710052006762
219178.820052087889
220413.570053237840
220474.090053294203
221023.320053805714
221326.320054087904
221476.140054227435
221778.410054508946
222034.600054747541
222271.470054968144
222414.840055101668
222529.470055208425
222674.620055343607
223684.010056283674
224127.730056696921
224173.000056739082
224327.220056882710
224355.170056908741
224542.860057083541
224671.740057203569
224995.030057504657
225163.250057661324
225184.110057680751
225255.210057746968
225349.010057834326
226027.510058466229
226056.930058493628
226482.490058889962
226577.950058978866
226669.490059064119
226714.320059105870
226780.310059167328
226915.420059293159
227103.540059468360
227351.550059699337
227420.120059763198
227559.160059892689
227607.090059937327
228045.430060345563
228786.720061035943
229052.760061283712
229121.290061347536
229173.530061396188
229556.640061752987
229791.580061971792
230019.690062184236
230055.820062217885
230736.060062851408
231016.870063112932
231137.970063225715
231167.570063253283
231274.770063353120
231565.340063623735
231778.090063821874
232161.900064179325
232768.900064744637
232838.490064809448
232852.890064822859
233463.310065391357
233964.540065858164
234994.130066817044
235463.340067254030
235689.130067464313
235717.200067490456
235790.680067558889
236327.260068058618
236691.010068397387
236982.730068669072
237263.590068930644
237565.360069211689
238035.340069649392
238233.790069834213
238256.250069855130
238307.650069903000
238375.630069966312
238446.090070031933
238550.200070128893
239413.260070932680
239675.150071176584
240037.350071513909
240118.020071589039
240250.660071712569
240463.810071911081
240702.500072133378
241883.810073233559
242235.500073561096
242707.740074000903
242814.780074100592
242917.640074196388
243036.710074307281
243305.960074558039
243443.900074686506
243489.370074728853
244062.410075262538
244119.330075315549
244428.860075603821
244475.810075647547
244643.530075803748
245145.410076271161
245317.740076431655
245718.800076805172
245973.110077042016
246849.190077857929
246885.820077892044
247288.140078266733
247330.950078306603
247403.460078374133
247482.280078447540
247976.620078907930
248940.630079805735
248959.220079823048
249001.980079862871
249064.160079920781
249170.780080020078
249673.510080488282
249759.710080568562
249862.350080664153
250096.820080882520
250185.140080964775
250228.100081004784
250551.680081306142
250870.670081603224
251451.630082144286
251720.310082394513
252001.210082656122
252198.430082839797
252740.310083344462
252828.490083426586
253085.110083665582
253755.130084289587
253878.610084404587
254046.130084560602
254240.820084741921
254392.830084883492
254446.060084933066
254552.170085031888
255163.170085600927
255214.730085648946
255719.090086118667
256239.670086603495
256455.700086804689
257034.660087343887
257648.410087915487
258020.520088262041
258111.140088346438
258138.430088371853
258232.120088459109
258504.710088712978
258610.810088811792
258778.430088967900
258898.430089079659
259046.990089218016
259231.470089389826
259304.480089457822
259431.450089576072
260174.200090267812
260677.390090736444
260764.600090817665
260859.900090906420
261099.970091130002
261173.040091198054
261484.090091487742
261613.110091607901
261739.860091725946
261804.230091785896
262143.080092101474
262261.550092211808
262355.020092298859
262530.450092462241
262612.920092539047
263002.690092902048
263621.430093478295
263678.800093531725
263813.980093657621
265436.470095168683
265616.080095335958
265668.770095385029
266036.620095727616
266155.940095838741
266477.570096138283
266640.950096290442
266684.270096330787
267051.900096673169
267126.750096742879
267432.250097027398
267504.360097094555
267739.470097313519
267870.490097435541
267956.190097515355
268083.590097634005
268602.090098116896
268688.890098197735
268711.330098218634
268984.170098472736
269616.950099062058
269754.630099190283
270125.670099535841
270211.170099615469
270685.770100057474
270777.860100143240
270804.920100168441
271300.230100629735
271353.380100679235
271579.460100889788
271687.440100990352
271820.550101114321
272066.560101343435
272110.350101384218
272478.660101727233
272789.920102017117
272854.990102077718
273268.020102462382
273355.030102543416
273372.720102559892
273405.980102590867
273575.260102748522
273850.890103005222
274304.720103427884
274350.840103470837
274380.710103498655
274576.030103680561
274781.800103872200
274821.110103908810
275094.850104163750
275208.510104269604
275379.120104428497
275621.370104654110
275656.590104686911
275717.090104743256
275892.140104906284
276236.380105226883
276662.500105623738
277035.550105971168
277065.410105998977
277500.360106404056
278473.380107310251
279322.020108100609
279369.490108144819
279439.640108210151
279527.580108292052
279646.690108402981
279800.320108546061
279933.200108669815
280077.060108803795
280092.220108817914
280335.710109044681
280542.580109237344
280873.830109545845
281132.110109786387
281303.740109946229
281344.660109984339
281458.470110090333
281798.690110407188
281831.390110437642
281981.120110577089
282356.230110926437
282819.540111357928
283200.170111712418
283277.640111784567
283860.480112327379
285063.500113447779
285167.010113544180
285387.120113749173
285830.960114162532
286116.920114428853
286433.560114723747
287164.620115404599
287369.620115595520
287440.860115661868
287650.690115857287
288051.530116230599
288342.860116501921
288529.160116675426
288556.820116701187
289167.630117270048
289341.580117432051
289432.810117517016
289539.080117615988
289889.920117942733
290039.210118081770
290069.950118110399
290444.070118458825
290835.400118823280
291401.690119350678
291595.420119531103
292030.020119935856
292185.630120080779
292215.230120108346
292254.530120144947
292400.540120280930
292642.430120506207
292708.500120567740
292922.120120766689
293157.990120986360
293439.630121248658
293513.030121317017
293764.650121551356
294046.190121813561
294108.420121871517
294127.780121889547
294647.820122373872
294807.510122522595
294892.140122601413
295276.700122959563
295905.720123545383
296116.840123742004
296383.410123990267
296420.790124025079
296658.410124246380
296830.230124406400
296913.620124484063
297482.880125014228
297571.970125097199
297717.900125233107
297798.230125307920
298342.230125814560
298810.840126250987
299065.150126487832
299443.230126839946
299544.340126934112
300226.850127569749
300278.010127617395
300472.020127798081
301052.880128339049
301212.130128487363
302240.320129444939
302263.110129466164
302476.970129665337
303067.060130214901
303113.070130257751
303231.900130368420
303411.860130536021
303458.120130579104
303741.930130843422
303818.790130915004
303912.750131002511
304202.970131272799
304308.740131371305
304324.750131386216
304676.280131713604
304881.430131904664
304962.720131980372
305183.860132186324
305524.130132503225
305606.680132580106
305626.170132598258
305767.450132729835
305883.880132838269
306193.000133126159
306470.850133384927
306720.790133617702
307264.250134123839
307304.830134161632
307443.620134290890
307765.650134590804
308028.640134835732
309099.280135832843
309284.420136005268
309300.160136019927
309414.230136126163
309723.550136414240
310051.410136719584
310290.270136942039
310414.180137057439
310550.840137184714
311139.210137732676
311157.560137749766
311180.940137771540
311270.820137855248
311708.070138262468
312498.070138998213
312644.110139134224
312861.420139336609
313057.860139519558
313149.310139604728
313293.650139739155
313576.940140002989
313760.090140173561
313783.240140195121
313936.320140337688
314109.180140498676
314179.300140563981
314524.760140885715
314845.170141184120
315010.560141338152
315113.010141433566
315390.520141692017
315427.190141726169
315857.160142126610
315912.490142178140
315942.730142206303
316293.580142533057
316497.750142723205
316840.130143042072
316957.040143150953
317309.250143478974
317578.660143729881
317679.610143823898
318467.270144557464
318951.940145008848
319030.150145081687
319223.060145261348
319402.810145428753
319451.400145474006
319579.210145593039
319853.140145848156
320006.730145991198
320068.090146048344
320117.010146093904
320289.750146254781
320615.320146557991
320673.180146611878
320870.630146795767
321124.780147032463
321229.730147130205
321271.830147169414
321999.940147847519
322184.650148019544
322642.630148446071
323501.240149245714
323792.720149517176
323880.600149599020
324028.230149736512
324128.180149829597
324326.170150013990
324830.860150484019
324956.520150601049
325101.890150736435
325180.810150809935
325461.460151071311
325569.160151171614
326257.360151812551
326282.950151836383
326679.880152206053
326812.680152329733
327367.440152846393
327484.140152955079
327538.770153005957
327731.560153185506
327897.280153339845
328345.490153757273
328854.080154230935
329087.440154448268
329162.890154518536
329870.170155177242
329981.410155280842
330050.610155345290
330219.220155502320
330453.220155720250
330835.120156075922
330878.550156116369
330932.390156166512
331235.650156448944
331295.190156504395
331850.950157021987
331998.210157159134
332185.410157333477
332437.940157568664
332576.130157697364
332802.870157908532
333290.810158362961
333396.340158461244
333647.160158694838
334506.440159495105
334677.800159654696
334790.030159759219
334861.650159825920
334915.260159875848
335024.850159977912
335197.750160138938
335634.900160546065
335679.650160587742
335744.040160647710
335821.830160720157
336647.860161489458
336714.660161551670
336778.210161610856
336964.610161784454
337137.840161945787
337164.100161970244
337563.490162342205
337599.530162375770
337784.580162548111
337931.840162685257
338414.240163134527
338426.200163145666
338528.150163240614
338685.400163387065
338934.290163618862
340034.780164643773
340458.880165038747
340499.980165077024
340639.840165207279
340980.000165524078
341467.950165978516
341713.150166206877
341787.670166276279
342502.120166941662
342894.370167306974
342951.030167359742
343023.820167427533
343101.840167500195
343170.050167563721
343422.350167798693
343485.090167857124
343776.920168128912
343874.770168220042
344019.660168354982
344160.590168486233
344306.920168622513
344389.340168699273
344543.690168843023
345191.370169446222
345306.470169553417
345615.090169840842
345820.780170032405
346637.740170793259
346845.400170986657
346865.730171005591
347161.410171280964
347216.880171332625
347267.810171380057
347440.990171541343
347539.800171633367
347725.610171806416
347823.180171897286
348401.810172436177
348527.010172552778
348693.010172707378
348858.180172861204
349250.060173226171
349329.850173300481
349400.080173365888
349670.600173617830
350110.870174027863
350284.850174189894
350511.140174400643
350622.600174504449
350799.010174668743
350862.560174727929
351688.110175496782
351833.700175632373
352042.980175827281
352173.940175949247
353019.770176736987
353169.500176876434
353348.840177043458
353580.140177258872
353609.240177285974
354112.510177754681
354631.200178237748
355161.030178731191
355418.880178971332
355515.340179061168
355889.420179409557
356665.470180132310
357025.840180467931
357123.290180558688
357167.160180599545
357394.680180811440
357541.520180948195
357788.190181177924
357963.450181341148
358116.670181483845
358496.610181837692
358739.280182063696
359081.270182382199
359635.750182898599
360269.440183488769
360737.330183924525
360849.700184029178
360878.650184056140
361031.180184198194
361744.420184862451
362163.400185252656
362481.040185548482
362535.230185598950
362548.980185611756
362917.030185954529
363685.350186670083
363756.150186736020
363826.360186801408
364172.300187123590
364242.250187188736
364263.520187208545
364387.340187323862
364942.490187840885
365097.240187985008
365449.870188313420
365773.950188615243
366207.910189019400
366472.140189265483
366894.450189658790
367102.740189852775
367669.240190380369
367685.610190395615
368046.250190731487
368634.080191278947
369014.070191632840
369134.080191744608
369270.140191871324
369820.560192383942
369922.640192479012
369997.020192548283
370124.620192667120
370212.060192748555
370391.920192916063
370422.220192944282
370505.640193021973
370609.440193118644
370803.190193299088
371233.160193699528
372235.180194632732
373052.260195393697
373438.250195753179
373600.520195904304
374220.660196481855
374539.960196779226
374683.530196912936
374963.250197173445
375226.630197418737
375381.600197563064
375403.870197583805
375994.410198133788
376369.800198483397
376585.120198683930
376676.910198769416
376738.500198826776
377128.900199190364
377559.700199591578
377667.790199692245
377714.960199736175
377912.250199919916
378020.530200020759
378353.320200330694
378370.830200347002
378497.120200464618
378725.650200677454
379106.680201032315
379212.830201131175
379311.350201222929
379391.700201297761
379480.930201380863
379585.240201478009
379712.960201596958
380246.580202093930
380418.820202254341
380496.590202326770
380658.120202477206
380939.970202739700
381120.800202908111
381369.860203140066
381395.300203163759
381788.080203529564
382275.180203983211
382753.740204428905
383200.290204844787
383225.940204868675
383446.780205074348
383501.120205124957
383805.620205408544
383866.830205465551
384308.420205876813
384680.770206223591
384908.740206435905
385145.770206656656
385204.480206711334
385945.900207401835
386116.900207561092
386211.170207648887
386279.050207712105
386432.380207854905
386585.030207997072
386787.150208185310
387373.020208730944
387725.930209059617
387941.790209260653
388064.180209374637
388350.460209641256
388528.890209807432
388673.450209942064
388730.540209995233
388824.990210083197
388910.590210162918
388978.410210226080
389036.490210280172
389295.190210521105
389494.280210706522
389598.670210803743
389613.230210817303
389928.410211110837
390676.120211807196
390942.130212054937
391132.040212231805
391339.640212425147
391414.850212495192
391664.450212727650
391853.620212903828
391897.460212944658
391972.110213014181
392196.710213223356
392229.330213253736
392334.540213351720
392412.550213424372
392614.190213612164
393113.680214077351
393345.990214293706
393499.370214436552
393622.820214551524
393860.370214772760
394103.490214999183
394295.470215177978
394400.150215275469
394784.590215633507
394881.880215724115
394970.670215806807
395316.240216128645
395897.670216670143
396109.100216867053
396438.630217173952
396776.860217488953
396913.310217616032
397385.160218055476
397422.640218090382
397532.930218193098
398400.760219001328
398494.220219088369
398739.400219316711
398871.320219439571
399141.790219691466
399488.640220014495
399556.650220077834
400004.650220495067
400692.870221136021
400793.490221229731
401080.570221497095
401267.580221671262
401357.040221754578
401821.980222187587
401902.660222262726
401988.960222343099
402424.390222748625
402513.150222831289
402934.500223223702
403031.240223313798
403140.420223415480
403545.820223793038
403750.680223983829
403839.390224066447
404097.120224306476
404201.560224403744
404269.020224466571
404288.240224484471
404506.330224687583
404676.390224845964
404786.050224948092
405253.450225383393
405668.670225770096
405846.470225935685
405951.260226033279
406525.870226568426
406887.760226905462
406911.500226927572
407155.590227154898
407733.930227693520
407750.950227709371
407920.210227867006
407945.320227890392
408075.940228012041
408252.690228176652
408389.180228303769
408747.420228637406
408981.620228855521
409049.620228918851
409587.510229419800
409786.120229604770
409830.820229646401
410135.490229930147
410371.770230150199
410531.270230298745
410937.810230677365
411036.710230769473
411257.210230974830
411377.750231087091
411574.030231269891
411588.400231283274
412008.610231674626
412058.700231721275
412389.600232029450
412457.810232092976
412540.460232169949
413336.500232911319
413475.050233040354
413613.220233169035
413702.190233251895
413880.440233417903
413997.390233526821
414261.700233772979
414564.280234054779
414762.860234239721
414824.890234297491
414839.480234311079
414911.900234378525
415059.500234515988
415649.550235065515
415946.080235341680
415962.870235357317
416104.580235489295
417248.250236554421
417406.800236702082
417846.790237111854
417915.530237175873
417947.390237205545
418351.840237582219
418420.030237645726
418451.460237674997
418733.420237937593
418963.360238151741
419291.160238457029
419456.940238611423
419737.110238872352
419848.970238976530
420080.670239192317
420333.750239428016
420448.360239534755
420578.180239655660
421235.980240268284
421569.060240578488
421712.600240712170
422213.630241178791
422312.730241271085
422330.270241287421
423071.490241977735
423241.760242136312
423658.220242524170
423748.810242608539
423913.770242762170
424779.850243568770
424801.620243589045
425062.310243831831
425563.770244298852
425653.950244382839
425702.660244428203
425772.200244492968
425904.880244616535
426235.490244924440
426432.330245107762
426795.660245446139
426877.560245522414
426980.370245618164
427054.740245687426
427078.550245709601
427892.090246467269
428566.020247094915
428738.290247255354
429369.310247843037
429542.470248004305
429612.090248069144
429932.440248367493
430824.650249198428
430922.980249290005
431104.970249459497
431171.410249521374
431890.670250191237
431986.790250280756
432205.720250484650
432244.230250520515
432533.560250789975
432635.040250884485
432894.050251125707
433297.880251501803
433671.950251850183
433814.290251982748
434090.910252240370
434465.460252589197
434571.190252687666
434922.930253015249
435130.130253208219
435422.770253480761
435630.580253674299
436033.970254049986
436444.920254432713
436746.960254714009
436876.810254834942
436917.510254872846
437053.290254999301
437198.540255134576
437254.790255186963
437738.580255637527
437909.260255796486
438279.270256141084
438405.610256258748
438601.300256440998
438733.130256563774
439083.100256889709
439399.010257183923
439462.090257242671
439709.870257473434
440016.740257759229
440320.960258042556
440544.610258250847
441336.130258988007
441730.250259355060
441807.430259426939
442015.380259620608
442056.240259658662
442319.460259903804
442745.970260301023
442849.750260397675
442936.560260478524
443056.750260590459
443144.930260672583
443271.790260790731
443695.810261185630
443889.610261366121
443954.500261426554
444300.660261748941
444568.160261998069
444901.990262308973
445092.240262486157
445148.610262538656
445415.190262786928
445730.770263080834
445966.730263300589
446425.960263728281
446494.760263792356
446606.700263896608
447035.380264295847
447050.660264310078
447161.690264413483
447427.510264661047
447543.990264769527
447892.500265094102
447996.420265190885
448077.910265266779
448675.910265823710
448696.160265842569
448918.770266049891
449175.020266288542
449224.060266334214
449419.690266516409
449445.280266540241
449891.550266955863
450023.990267079207
450514.470267536002
450784.590267787571
450883.310267879511
451010.860267998301
451494.730268448940
451801.990268735099
451887.930268815137
452689.860269561992
452712.660269583226
452775.690269641927
452852.430269713397
453559.550270371954
454348.680271106889
454371.790271128411
454469.530271219439
454587.810271329596
454653.460271390737
455207.220271906466
455349.940272039385
455452.760272135143
455536.070272212732
455580.610272254213
455804.760272462969
456232.500272861333
456909.030273491400
457358.360273909871
457426.530273973360
457455.010273999884
458164.270274660434
459170.880275597912
459393.410275805159
459874.080276252818
460043.150276410277
460481.860276818858
460507.570276842802
460682.670277005876
460748.890277067549
460891.580277200439
460960.160277264309
461317.700277597294
461368.650277644745
461422.470277694869
461461.460277731181
461568.850277831196
461654.550277911010
461788.920278036152
462232.120278448914
462469.780278670252
462517.430278714630
462601.740278793150
462921.250279090717
463673.300279791118
464011.910280106473
464163.240280247410
464190.000280272332
464274.300280350843
464376.650280446163
464525.840280585107
464690.630280738580
464984.700281012454
465063.150281085516
465179.050281193457
465252.730281262076
465293.480281300028
465378.300281379023
465641.410281624063
466248.500282189460
466394.560282325489
466601.620282518328
467113.540282995091
467261.660283133038
467694.350283536012
467802.880283637089
468073.760283889365
468267.090284069418
468401.710284194793
468794.590284560691
468976.970284730545
469051.430284799892
469246.470284981537
469296.420285028056
469330.140285059460
469701.610285405419
469781.970285480260
470217.560285885935
470469.180286120274
470511.960286160116
470652.620286291116
470696.860286332318
470782.780286412337
470819.850286446861
471241.680286839721
471286.960286881891
471853.880287409876
472165.750287700328
472625.780288128764
472808.330288298777
473000.620288477861
473138.320288606104
473253.460288713337
473494.200288937544
474052.310289457324
474491.310289866175
474683.960290045594
474783.870290138642
475017.910290356609
475078.200290412758
475146.650290476508
475219.320290544187
475386.200290699606
475704.530290996074
475838.240291120601
476700.580291923718
476817.790292032878
477161.930292353383
477511.440292678890
477590.260292752297
478216.300293335342
478689.610293776146
478790.400293870014
478830.240293907118
479263.540294310660
479428.620294464403
479548.200294575770
479634.270294655929
479787.500294798636
479813.530294822878
481060.840295984526
481108.030296028475
481304.040296211024
481473.470296368818
481626.310296511161
481866.100296734483
482542.710297364625
482570.190297390218
483321.470298089902
483569.460298320861
483875.600298605976
484051.780298770056
484349.230299047078
485127.670299772057
485281.820299915620
485354.950299983728
485601.990300213802
485641.190300250310
486631.480301172589
486811.520301340264
487169.070301673259
487430.240301916492
487868.770302324905
488611.640303016757
488668.360303069581
488965.360303346184
489510.900303854258
489718.570304047666
489773.430304098758
489869.230304187979
490084.280304388260
490269.150304560433
490356.420304641710
490383.040304666501
490572.420304842875
490869.640305119683
490978.680305221234
491187.450305415667
491281.650305503397
491415.760305628297
491430.000305641559
491496.240305703250
491524.230305729317
491597.530305797583
491649.150305845658
491771.040305959177
492056.250306224800
492164.190306325327
492402.160306546954
492750.120306871017
492774.960306894151
492849.880306963925
492863.720306976815
493037.340307138511
493344.500307424576
493471.110307542491
493548.190307614277
493612.300307673984
493749.220307801501
493844.420307890163
494588.720308583346
494698.590308685671
494888.100308862166
494939.280308909831
495782.460309695103
496060.020309953601
496203.600310087320
496848.360310687800
497479.110311275232
498251.540311994613
498376.980312111438
498555.550312277745
498730.400312440586
499465.140313124866
499662.420313308598
499679.390313324402
500889.950314451824
500978.870314534637
501402.060314928764
501493.200315013644
501819.050315317116
502295.540315760882
502520.520315970411
503222.590316624264
503242.230316642555
503785.140317148180
503892.420317248092
504136.290317475214
504174.460317510762
504263.860317594022
504308.100317635224
504657.080317960237
504860.090318149305
504897.760318184388
504919.400318204542
504930.820318215177
504985.620318266214
505082.510318356450
505340.650318596861
506343.810319531127
506416.420319598750
506544.240319717792
506722.640319883940
506833.640319987317
507071.880320209195
507287.310320409830
507412.750320526655
507588.160320690018
507908.420320988283
507928.250321006752
508142.960321206716
508793.670321812737
509225.490322214901
509469.020322441706
509588.800322553259
510293.030323209125
510470.810323374695
510565.460323462845
510795.390323676984
510825.880323705380
511189.630324044148
511247.930324098445
511459.890324295848
511717.770324536017
511757.600324573112
512009.000324807246
512255.870325037162
512319.580325096496
512376.040325149079
512410.860325181508
512482.870325248572
512704.910325455363
512991.670325722429
513151.850325871608
514076.090326732374
514258.250326902024
514303.690326944343
514581.010327202617
514692.930327306851
514783.730327391415
514974.280327568878
516274.280328779598
516316.140328818583
516898.750329361181
516949.260329408222
517100.460329549038
517194.130329636275
517746.390330150607
517798.420330199064
517855.310330252047
518070.710330452654
519121.220331431017
519599.760331876692
519802.860332065844
520037.990332284826
520518.710332732531
520688.460332890623
520915.020333101624
520933.490333118825
521239.850333404145
521407.900333560654
521512.220333657810
521541.430333685013
521975.910334089654
522041.310334150563
522089.130334195099
522151.830334253493
522469.010334548890
522701.620334765525
523051.190335091087
523220.740335248993
524509.680336449412
525277.280337164295
525375.860337256105
525411.180337288999
525790.080337641877
525859.780337706790
525941.310337782721
526151.460337978438
526899.700338675291
526913.410338688060
527299.780339047895
527318.350339065189
528169.440339857829
528252.180339934886
528410.000340081868
528820.120340463822
529116.280340739642
529330.580340939225
529379.720340984990
529463.090341062634
529499.590341096628
529936.720341503737
530511.870342039387
530590.040342112188
530877.050342379487
530936.010342434398
531412.090342877782
531995.090343420743
532181.910343594733
532828.440344196861
533024.830344379763
533088.380344438949
533424.920344752376
533763.470345067675
534055.260345339426
534505.910345759126
534636.660345880897
535350.590346545796
535369.560346563463
535544.690346726566
535610.560346787912
536110.400347253424
536160.330347299925
536245.600347379339
536689.860347793088
537028.750348108704
537191.310348260100
537524.920348570799
537570.850348613574
537833.820348858484
538234.110349231283
538295.680349288625
538410.530349395587
538633.480349603225
539173.690350106335
539349.700350270257
539461.220350374118
540025.630350899766
540553.300351391197
541326.080352110905
541427.640352205490
541599.210352365277
541948.110352690215
541991.520352730644
542100.790352832410
542154.250352882198
542200.840352925588
542298.330353016383
542447.460353155271
542629.690353324986
542810.210353493108
542828.530353510170
542990.340353660868
543413.530354054994
544007.160354607855
544196.580354784266
544607.160355166649
545116.950355641427
545180.250355700380
545307.130355818546
545551.390356046031
545964.910356431152
546151.020356604480
546302.990356746013
546315.990356758120
546605.030357027310
546636.860357056954
546717.860357132391
546894.680357297068
547014.580357408733
547047.890357439755
547129.440357515705
547217.860357598052
547967.630358296330
548082.150358402985
548197.770358510665
548264.250358572579
550492.110360647435
550591.640360740130
550711.200360851479
551232.540361337014
551370.190361465211
551525.600361609948
551619.460361697362
551669.420361743891
551681.420361755067
551810.560361875338
552283.420362315723
552499.470362516935
552589.540362600819
552623.410362632363
552938.100362925441
553064.850363043486
553105.240363081102
553178.500363149331
553331.330363291665
553446.420363398851
553568.830363512854
553633.030363572645
553925.580363845103
553978.230363894138
554113.440364020062
554359.120364248869
554427.420364312478
555158.060364992940
555264.150365091744
555375.860365195782
555486.630365298945
555719.810365516110
556113.700365882949
556283.740366041311
556555.190366294119
556714.380366442376
556810.650366532034
556904.050366619020
557320.760367007111
557486.990367161925
558371.800367985968
558676.050368269323
559178.070368736866
559330.090368878446
559586.850369117572
560641.070370099391
560747.790370198782
562303.410371647566
562503.430371833849
562973.690372271813
563164.710372449714
563217.040372498450
563530.030372789945
563600.320372855407
563826.060373065644
564315.560373521526
564344.460373548442
564755.120373930898
565114.190374265308
565328.140374464565
565419.580374549725
565509.860374633805
565648.540374762961
565912.330375008634
565967.100375059643
566117.550375199760
566346.260375412763
566442.990375502850
566589.530375639326
566717.290375758312
566994.040376016055
567053.220376071171
567085.650376101374
567783.840376751614
568366.180377293960
568803.310377701069
569204.370378074585
569339.330378200277
569445.240378298913
569512.200378361274
569955.380378774018
570164.120378968422
570390.590379179339
570442.300379227498
570564.550379341352
570746.750379511039
570785.760379547370
571414.230380132678
571951.530380633078
572609.480381245841
573366.610381950974
573480.040382056613
573613.170382180600
573659.850382224075
574375.800382890855
574784.970383271924
574857.730383339687
574918.160383395967
575004.400383476284
575111.460383575992
575952.050384358852
576310.630384692806
576604.330384966335
576808.340385156334
577285.830385601032
577363.370385673246
577582.240385877085
577867.620386142866
578312.180386556895
578579.280386805651
578621.950386845390
578835.260387044051
578917.780387120903
579107.710387297790
579724.290387872024
580289.890388398780
580345.960388451000
580424.660388524295
580721.550388800795
580848.740388919250
580919.080388984759
581410.730389442644
581826.480389829841
582164.140390144312
582223.460390199558
582338.960390307126
582565.390390518005
583018.310390939820
583281.070391184534
583662.120391539414
583765.650391635834
583971.690391827724
583995.530391849927
584315.920392148313
584399.770392226405
584470.170392291970
584536.640392353875
584817.920392615837
584835.750392632443
584880.450392674073
584947.040392736089
585449.160393203725
585703.610393440700
585809.150393538992
585860.240393586573
586218.890393920592
586248.480393948150
587376.960394999129
587496.830395110766
587753.910395350191
587803.290395396180
588164.450395732536
588283.990395843866
588529.600396072608
588935.240396450390
588957.080396470730
589610.290397079079
589752.270397211309
589836.540397289791
589861.640397313167
589963.610397408134
590166.520397597109
590358.540397775942
591112.150398477796
591495.730398835032
591515.390398853342
591809.090399126871
591911.610399222351
591987.230399292777
592013.510399317252
592067.890399367898
592320.420399603085
592639.860399900586
592705.280399961513
593006.610400242149
593346.200400558417
593439.310400645132
593535.860400735051
593554.580400752486
593818.860400998616
594074.750401236932
594433.850401571370
594601.810401727795
594623.940401748405
595052.700402147719
595100.450402192189
595144.330402233056
595307.260402384796
595467.880402534385
595780.960402825964
595846.990402887459
595893.460402930737
595935.150402969564
596146.120403166045
596187.420403204509
596611.130403599120
596643.440403629211
597776.970404684893
598191.450405070907
598516.890405373997
598717.630405560951
598976.310405801865
599373.960406172206
599693.340406469651
600010.160406764713
600179.690406922600
600460.370407184004
600506.590407227050
600662.480407372233
600766.240407468867
601033.220407717512
601358.540408020490
601514.150408165413
601645.940408288152
601696.150408334914
601960.050408580690
602143.440408751485
602505.630409088801
602526.250409108005
602669.480409241398
602728.270409296150
603194.070409729960
603315.590409843135
603497.210410012281
604013.560410493170
604095.010410569026
604312.930410771980
604360.960410816711
604388.390410842258
604614.150411052513
605082.590411488782
605231.110411627102
605344.570411732770
605737.570412098779
605872.900412224815
606299.920412622509
606434.530412747874
606660.680412958493
606709.470413003932
607018.390413291636
607639.370413869969
607982.140414189198
608275.430414462346
608388.410414567566
608602.470414766925
608768.270414921339
608882.750415027956
609641.070415734197
610046.100416111411
610425.770416465006
610471.490416507586
610781.170416795998
610838.960416849819
611115.190417107078
611265.090417246684
611404.850417376845
611752.870417700964
611915.550417852472
612148.500418069423
612182.210418100818
612292.910418203915
612503.020418399596
612573.140418464900
613613.730419434025
613686.630419501918
613935.280419733492
614002.650419796235
614101.920419888687
614463.710420225631
614489.040420249221
614680.210420427262
614768.460420509451
615000.080420725164
615193.110420904937
615219.620420929627
615918.300421580323
615988.340421645553
616325.000421959092
616820.300422420376
617415.210422974429
617712.790423251572
617846.520423376118
618072.670423586736
618297.480423796107
618416.800423907232
618573.630424053292
618646.020424120710
618733.330424202024
618833.430424295249
618924.530424380093
619269.810424701660
619420.880424842355
619928.500425315113
620151.530425522826
620756.630426086369
621051.540426361025
621140.260426443652
621266.600426561316
621391.830426677945
621783.220427042455
622215.060427444638
623160.200428324868
623194.520428356831
623691.810428819968
623945.120429055882
624057.910429160926
624360.540429442772
625723.470430712099
626058.890431024483
626075.610431040055
626419.350431360188
626581.020431510755
626745.000431663473
627025.080431924318
627056.380431953468
627160.050432050019
627427.560432299157
627551.720432414790
627743.200432593119
627759.380432608188
628095.010432920768
628205.330433023511
628517.230433313991
629221.870433970238
629300.050434043049
629829.060434535728
629955.980434653931
630047.800434739445
630234.860434913659
630345.190435016411
630438.420435103239
630858.070435494068
631013.440435638768
631275.650435882970
631361.170435962616
632067.940436620847
632346.880436880630
632691.360437201452
633002.460437491187
633320.320437787217
633817.120438249898
634091.620438505546
634496.080438882229
634597.050438976265
634970.260439323843
635021.510439371574
635182.760439521750
635667.270439972985
635746.640440046904
636184.380440454581
636521.050440768129
637477.610441658995
637997.170442142873
638025.470442169229
638138.780442274758
638194.730442326865
638358.840442479705
638408.610442526056
638800.130442890688
638922.960443005082
639666.600443697651
639799.300443821237
639981.690443991101
640129.190444128471
640404.360444384743
640680.920444642310
640981.440444922191
641089.510445022839
641316.910445234622
641365.730445280089
641699.550445590983
642622.140446450212
642801.010446616798
642855.850446667871
643650.030447407509
643708.330447461805
644202.430447921972
644525.310448222677
644591.990448284778
644674.610448361724
644804.010448482237
644952.230448620277
645321.310448964010
645379.150449017878
645510.460449140170
645875.070449479739
646400.680449969252
646470.990450034733
646579.340450135642
646623.480450176750
646821.220450360910
647125.670450644451
647562.630451051402
647626.330451110727
647765.740451240563
648277.930451717577
648700.840452111443
649222.370452597155
649466.160452824202
649882.980453212396
650287.120453588781
650339.110453637200
650409.480453702738
650443.330453734263
650484.200453772326
650735.220454006107
650927.440454185125
651310.130454541533
651818.670455015148
652382.560455540312
652558.760455704411
652602.940455745556
652623.070455764304
652971.110456088441
653403.200456490857
653482.910456565092
653633.170456705033
653